orderer_id,customer_id,orderer_name,orderer_phone,orderer_email,orderer_type_bed,orderer_special_requirements,orderer_own_require,orderer_bill_require,created_at,updated_at
31,15,Nguyễn Văn Vĩnh Nguyên,839519415,nguyenvy1470@gmail.com,1,1,Không Có,1,2024-05-05 12:56:02,NULL
32,15,Nguyễn Văn Vĩnh Nguyên,839519415,nguyenvy1470@gmail.com,1,2,Không Có,1,2024-05-05 13:13:33,NULL
33,3,Nhân,987654321,nhanlk.21it@vku.udn.vn,1,0,Không Có,1,2024-05-06 08:33:38,NULL
34,3,Nhân,987654321,nhanlk.21it@vku.udn.vn,2,3,Không Có,1,2024-05-06 10:05:11,NULL
51,15,Nguyễn Văn Vĩnh Nguyên,839519415,nguyenvy1470@gmail.com,2,0,Không có,1,2024-05-21 17:03:33,NULL
52,17,Nguyên Vĩnh,839519415,nguyennvv.21it@vku.udn.vn,1,0,Không có,1,2024-06-04 11:33:55,NULL
57,17,Nguyên Vĩnh,839519415,nguyennvv.21it@vku.udn.vn,1,0,Không có,1,2024-06-04 12:11:19,NULL
58,15,Nguyễn Văn Vĩnh Nguyên,839519415,nguyenvy1470@gmail.com,2,3,Không Có,1,2024-06-04 12:41:11,NULL
59,15,Nguyễn Văn Vĩnh Nguyên,839519415,nguyenvy1470@gmail.com,1,3,Không Có,1,2024-06-04 12:54:36,NULL
60,3,Nhân Kha Le,987654321,nhanlk.21it@vku.udn.vn,2,0,Không có,1,2024-10-05 03:41:28,NULL
61,15,Nguyễn Văn Vĩnh Nguyen,NULL,nguyenvy1470@gmail.com,1,NULL,Không có,1,2024-10-28 15:11:01,2024-10-29 17:32:44
62,15,Nguyễn Văn Vĩnh Nguyen,NULL,nguyenvy1470@gmail.com,1,NULL,Không có,1,2024-10-28 15:11:28,2024-10-29 17:32:46
63,15,Nguyễn Văn Vĩnh Nguyen,NULL,nguyenvy1470@gmail.com,1,NULL,Không có,1,2024-10-28 15:12:04,2024-10-29 17:32:48
64,15,Nguyễn Văn Vĩnh Nguyen,NULL,nguyenvy1470@gmail.com,1,NULL,Không có,1,2024-10-28 15:12:41,2024-10-29 17:32:49
65,15,Nguyễn Văn Vĩnh Nguyen,NULL,nguyenvy1470@gmail.com,1,NULL,Không có,1,2024-10-28 15:13:02,2024-10-29 17:32:51
66,15,Nguyễn Văn Vĩnh Nguyen,839519415,nguyenvy1470@gmail.com,1,NULL,Không có,1,2024-10-28 15:48:34,2024-10-29 17:32:54
67,15,Nguyễn Văn Vĩnh Nguyen,839519415,nguyenvy1470@gmail.com,1,NULL,Không có,1,2024-10-28 15:48:53,2024-10-29 17:32:57
68,15,Nguyễn Văn Vĩnh Nguyen,839519415,nguyenvy1470@gmail.com,1,NULL,Không có,1,2024-10-28 15:49:47,2024-10-29 17:32:59
69,15,Nguyễn Văn Vĩnh Nguyen,839519415,nguyenvy1470@gmail.com,1,NULL,Không có,1,2024-10-28 15:56:20,2024-10-29 17:33:04
70,15,Nguyễn Văn Vĩnh Nguyen,839519415,nguyenvy1470@gmail.com,1,NULL,Không có,1,2024-10-28 16:00:41,2024-10-29 17:33:06
71,15,Nguyễn Văn Vĩnh Nguyen,839519415,nguyenvy1470@gmail.com,1,NULL,Không có,1,2024-10-28 16:02:38,2024-10-29 17:32:41
72,15,Nguyễn Văn Vĩnh Nguyen,839519415,nguyenvy1470@gmail.com,1,NULL,Không có,1,2024-10-28 16:03:00,2024-10-29 17:32:38
73,15,Nguyễn Văn Vĩnh Nguyen,839519415,nguyenvy1470@gmail.com,1,NULL,Không có,1,2024-10-28 16:03:36,2024-10-29 17:32:27
74,15,Nguyễn Văn Vĩnh Nguyen,839519415,nguyenvy1470@gmail.com,1,NULL,Không có,1,2024-10-28 16:03:50,2024-10-29 17:32:26
75,15,Nguyễn Văn Vĩnh Nguyen,839519415,nguyenvy1470@gmail.com,1,NULL,Không có,1,2024-10-28 16:16:03,2024-10-29 17:32:21
76,15,Nguyễn Văn Vĩnh Nguyen,839519415,nguyenvy1470@gmail.com,1,NULL,Không có,1,2024-10-28 16:17:01,2024-10-29 17:32:20
77,15,Nguyễn Văn Vĩnh Nguyen,839519415,nguyenvy1470@gmail.com,1,NULL,Không có,1,2024-10-28 16:17:35,2024-10-29 17:32:17
78,15,Nguyễn Văn Vĩnh Nguyen,839519415,nguyenvy1470@gmail.com,1,NULL,Không có,1,2024-10-28 16:19:57,2024-10-29 17:32:15
79,15,Nguyễn Văn Vĩnh Nguyen,839519415,nguyenvy1470@gmail.com,1,NULL,Không có,1,2024-10-28 16:20:20,2024-10-29 17:32:14
80,15,Nguyễn Văn Vĩnh Nguyen,839519415,nguyenvy1470@gmail.com,1,NULL,Không có,1,2024-10-28 16:20:52,2024-10-29 17:32:11
81,15,Nguyễn Văn Vĩnh Nguyen,839519415,nguyenvy1470@gmail.com,1,NULL,Không có,1,2024-10-28 16:21:09,2024-10-29 17:32:09
82,15,Nguyễn Văn Vĩnh Nguyen,839519415,nguyenvy1470@gmail.com,1,NULL,Không có,1,2024-10-28 16:23:39,2024-10-29 17:32:07
83,15,Nguyễn Văn Vĩnh Nguyen,839519415,nguyenvy1470@gmail.com,1,NULL,Không có,1,2024-10-28 16:27:08,2024-10-29 17:32:05
84,15,Nguyễn Văn Vĩnh Nguyen,839519415,nguyenvy1470@gmail.com,1,NULL,Không có,1,2024-10-28 16:28:15,2024-10-29 17:32:03
85,15,Nguyễn Văn Vĩnh Nguyen,839519415,nguyenvy1470@gmail.com,1,NULL,Không có,1,2024-10-28 16:28:35,2024-10-29 17:31:59
86,15,Nguyễn Văn Vĩnh Nguyen,839519415,nguyenvy1470@gmail.com,1,NULL,Không có,1,2024-10-28 16:29:29,2024-10-29 17:31:55
87,15,Nguyễn Văn Vĩnh Nguyen,839519415,nguyenvy1470@gmail.com,1,NULL,Không có,1,2024-10-28 16:30:31,2024-10-29 17:31:53
88,15,Nguyễn Văn Vĩnh Nguyen,839519415,nguyenvy1470@gmail.com,1,NULL,Không có,1,2024-10-28 16:30:31,2024-10-29 17:31:51
89,15,Nguyễn Văn Vĩnh Nguyen,839519415,nguyenvy1470@gmail.com,1,NULL,Không có,1,2024-10-28 16:30:54,2024-10-29 17:31:48
90,15,Nguyễn Văn Vĩnh Nguyen,839519415,nguyenvy1470@gmail.com,1,NULL,Không có,1,2024-10-28 16:31:38,2024-10-29 17:31:46
91,15,Nguyễn Văn Vĩnh Nguyen,839519415,nguyenvy1470@gmail.com,1,NULL,Không có,1,2024-10-28 16:32:34,2024-10-29 17:31:43
92,15,Nguyễn Văn Vĩnh Nguyen,839519415,nguyenvy1470@gmail.com,1,NULL,Không có,1,2024-10-28 16:34:03,2024-10-29 17:31:39
93,15,Nguyễn Văn Vĩnh Nguyen,839519415,nguyenvy1470@gmail.com,1,NULL,Không có,1,2024-10-28 16:34:12,2024-10-29 17:31:37
94,15,Nguyễn Văn Vĩnh Nguyen,839519415,nguyenvy1470@gmail.com,1,NULL,Không có,1,2024-10-28 16:34:34,2024-10-29 17:31:34
95,15,Nguyễn Văn Vĩnh Nguyen,839519415,nguyenvy1470@gmail.com,1,NULL,Không có,1,2024-10-28 16:37:14,2024-10-29 17:31:30
96,15,Nguyễn Văn Vĩnh Nguyen,839519415,nguyenvy1470@gmail.com,1,NULL,Không có,1,2024-10-28 17:52:33,2024-10-29 17:31:28
97,15,Nguyễn Văn Vĩnh Nguyen,839519415,nguyenvy1470@gmail.com,1,NULL,Không có,1,2024-10-28 17:53:44,2024-10-29 17:30:01
98,15,Nguyễn Văn Vĩnh Nguyen,839519415,nguyenvy1470@gmail.com,2,0,5 star,1,2024-11-05 15:59:26,NULL
99,15,Nguyễn Văn Vĩnh Nguyen,839519415,nguyenvy1470@gmail.com,3,0,Không có,1,2024-11-05 16:00:40,NULL
100,15,Nguyễn Văn Vĩnh Nguyen,839519415,nguyenvy1470@gmail.com,3,0,Không có,1,2024-11-05 16:02:03,NULL
101,15,Nguyễn Văn Vĩnh Nguyen,839519415,nguyenvy1470@gmail.com,3,0,Không có,1,2024-11-05 16:02:57,NULL
102,15,Nguyễn Văn Vĩnh Nguyen,839519415,nguyenvy1470@gmail.com,3,0,Không có,1,2024-11-05 16:05:01,NULL
103,15,Nguyễn Văn Vĩnh Nguyen,839519415,nguyenvy1470@gmail.com,3,0,Không có,1,2024-11-05 16:06:09,NULL
104,15,Nguyễn Văn Vĩnh Nguyen,839519415,nguyenvy1470@gmail.com,3,0,Không có,1,2024-11-05 16:06:27,NULL
105,15,Nguyễn Văn Vĩnh Nguyen,839519415,nguyenvy1470@gmail.com,3,0,Không có,1,2024-11-05 16:06:40,NULL
106,15,Nguyễn Văn Vĩnh Nguyen,839519415,nguyenvy1470@gmail.com,3,0,Không có,1,2024-11-05 16:07:30,NULL
107,NULL,Nguyễn Văn Vĩnh Nguyen,839519415,nguyenvy1470@gmail.com,1,NULL,Không có,1,2024-11-12 16:14:02,NULL
108,NULL,Nguyễn Văn Vĩnh Nguyen,839519415,nguyenvy1470@gmail.com,1,NULL,tuyet voi,1,2024-11-12 16:17:34,NULL
109,NULL,Nguyễn Văn Vĩnh Nguyen,839519415,nguyenvy1470@gmail.com,1,NULL,tuyet voi,1,2024-11-12 16:17:38,NULL
110,NULL,Nguyễn Văn Vĩnh Nguyen,839519415,nguyenvy1470@gmail.com,1,NULL,tuyet voi,1,2024-11-12 16:17:39,NULL
111,NULL,Nguyễn Văn Vĩnh Nguyen,839519415,nguyenvy1470@gmail.com,1,NULL,tuyet voi,1,2024-11-12 16:17:40,NULL
112,NULL,Nguyễn Văn Vĩnh Nguyen,839519415,nguyenvy1470@gmail.com,1,NULL,tuyet voi,1,2024-11-12 16:17:40,NULL
113,NULL,Nguyễn Văn Vĩnh Nguyen,839519415,nguyenvy1470@gmail.com,1,NULL,tuyet voi,1,2024-11-12 16:17:40,NULL
114,NULL,Nguyễn Văn Vĩnh Nguyen,839519415,nguyenvy1470@gmail.com,1,NULL,tuyet voi,1,2024-11-12 16:17:40,NULL
115,NULL,Nguyễn Văn Vĩnh Nguyen,839519415,nguyenvy1470@gmail.com,1,NULL,tuyet voi,1,2024-11-12 16:17:40,NULL
116,NULL,Nguyễn Văn Vĩnh Nguyen,839519415,nguyenvy1470@gmail.com,1,NULL,tuyet voi,1,2024-11-12 16:17:41,NULL
117,NULL,Nguyễn Văn Vĩnh Nguyen,839519415,nguyenvy1470@gmail.com,1,NULL,aaa,1,2024-11-12 16:25:04,NULL
118,NULL,Nguyễn Văn Vĩnh Nguyen,NULL,nguyenvy1470@gmail.com,1,NULL,Không có,1,2024-11-12 16:25:46,NULL
119,NULL,Nguyễn Văn Vĩnh Nguyen,NULL,nguyenvy1470@gmail.com,1,NULL,aaa,1,2024-11-12 16:29:37,NULL
120,NULL,Nguyễn Văn Vĩnh Nguyen,839519415,nguyenvy1470@gmail.com,1,NULL,aaaa,1,2024-11-12 16:36:39,NULL
121,15,Nguyễn Văn Vĩnh Nguyen,839519415,nguyenvy1470@gmail.com,1,NULL,aaaa,1,2024-11-12 16:38:54,NULL
122,15,Nguyễn Văn Vĩnh Nguyen,NULL,nguyenvy1470@gmail.com,1,NULL,aaa,1,2024-11-12 16:39:10,NULL
123,15,Nguyễn Văn Vĩnh Nguyen,839519415,nguyenvy1470@gmail.com,1,NULL,aaaa,1,2024-11-12 16:47:21,NULL
124,15,Nguyễn Văn Vĩnh Nguyen,NULL,nguyenvy1470@gmail.com,1,NULL,aaa,1,2024-11-12 16:47:30,NULL
125,15,Nguyễn Văn Vĩnh Nguyen,839519415,nguyenvy1470@gmail.com,2,0,Không có,1,2024-11-12 16:50:59,NULL
126,15,Nguyễn Văn Vĩnh Nguyen,839519415,nguyenvy1470@gmail.com,1,0,Không có,1,2024-11-12 17:27:02,NULL
127,15,Nguyễn Văn Vĩnh Nguyen,839519415,nguyenvy1470@gmail.com,1,0,Không có,1,2024-11-12 17:28:31,NULL
128,15,Nguyễn Văn Vĩnh Nguyen,839519415,nguyenvy1470@gmail.com,1,0,Không có,1,2024-11-12 17:29:15,NULL
129,5,Nhân,987654321,nhan@vku.udn.vn\r\n,3,0,Không có,1,2024-11-12 17:31:36,NULL
130,15,Nguyễn Văn Vĩnh Nguyen,839519415,nguyenvy1470@gmail.com,1,0,Không có,1,2024-11-12 17:33:17,NULL
131,15,Nguyễn Văn Vĩnh Nguyen,839519415,nguyenvy1470@gmail.com,1,0,Không có,1,2024-11-13 00:52:18,NULL
132,15,Nguyễn Văn Vĩnh Nguyen,839519415,nguyenvy1470@gmail.com,1,0,Không có,1,2024-11-14 17:41:24,NULL
133,15,Nguyễn Văn Vĩnh Nguyen,839519415,nguyenvy1470@gmail.com,1,0,Không có,1,2024-11-14 17:42:50,NULL
134,15,Nguyễn Văn Vĩnh Nguyen,839519415,nguyenvy1470@gmail.com,3,0,Không có,1,2024-11-14 18:21:55,NULL
135,15,Nguyễn Văn Vĩnh Nguyen,839519415,nguyenvy1470@gmail.com,2,0,Không có,1,2024-11-15 04:25:43,NULL
200,3,Nhân Kha Le,987654321,nhanlk.21it@vku.udn.vn,3,3,Không có,1,2024-08-06 17:00:00,NULL
201,3,Nhân Kha Le,987654321,nhanlk.21it@vku.udn.vn,1,2,View đẹp,1,2024-08-05 17:00:00,NULL
202,3,Nhân Kha Le,987654321,nhanlk.21it@vku.udn.vn,3,2,Phòng tầng cao,1,2024-10-22 17:00:00,NULL
203,3,Nhân Kha Le,987654321,nhanlk.21it@vku.udn.vn,1,2,Không có,1,2024-10-21 17:00:00,NULL
204,3,Nhân Kha Le,987654321,nhanlk.21it@vku.udn.vn,2,3,Yên tĩnh,1,2024-08-18 17:00:00,NULL
205,3,Nhân Kha Le,987654321,nhanlk.21it@vku.udn.vn,3,2,View đẹp,1,2024-04-05 17:00:00,NULL
206,3,Nhân Kha Le,987654321,nhanlk.21it@vku.udn.vn,3,1,View đẹp,1,2024-10-30 17:00:00,NULL
207,3,Nhân Kha Le,987654321,nhanlk.21it@vku.udn.vn,1,0,Yên tĩnh,1,2024-09-18 17:00:00,NULL
208,3,Nhân Kha Le,987654321,nhanlk.21it@vku.udn.vn,3,2,Phòng tầng cao,1,2024-03-10 17:00:00,NULL
209,3,Nhân Kha Le,987654321,nhanlk.21it@vku.udn.vn,3,1,Yên tĩnh,1,2024-07-01 17:00:00,NULL
210,5,Nhân,987654321,nhan@vku.udn.vn,1,2,View đẹp,1,2024-07-28 17:00:00,NULL
211,5,Nhân,987654321,nhan@vku.udn.vn,3,0,Phòng tầng cao,1,2024-03-04 17:00:00,NULL
212,5,Nhân,987654321,nhan@vku.udn.vn,2,1,View đẹp,1,2024-02-18 17:00:00,NULL
213,5,Nhân,987654321,nhan@vku.udn.vn,3,3,Yên tĩnh,1,2024-04-25 17:00:00,NULL
214,5,Nhân,987654321,nhan@vku.udn.vn,1,3,Yên tĩnh,1,2024-02-02 17:00:00,NULL
215,5,Nhân,987654321,nhan@vku.udn.vn,1,2,View đẹp,1,2024-05-14 17:00:00,NULL
216,5,Nhân,987654321,nhan@vku.udn.vn,3,2,View đẹp,1,2024-10-31 17:00:00,NULL
217,5,Nhân,987654321,nhan@vku.udn.vn,2,2,View đẹp,1,2024-07-24 17:00:00,NULL
218,5,Nhân,987654321,nhan@vku.udn.vn,1,2,Yên tĩnh,1,2024-04-02 17:00:00,NULL
219,5,Nhân,987654321,nhan@vku.udn.vn,2,3,Yên tĩnh,1,2024-03-22 17:00:00,NULL
220,8,Sếp Nhuận Đz,987654321,nhuan123321@vku.udn.vn,1,1,Phòng tầng cao,1,2024-05-18 17:00:00,NULL
221,8,Sếp Nhuận Đz,987654321,nhuan123321@vku.udn.vn,3,0,Yên tĩnh,1,2024-04-05 17:00:00,NULL
222,8,Sếp Nhuận Đz,987654321,nhuan123321@vku.udn.vn,1,3,Yên tĩnh,1,2024-01-20 17:00:00,NULL
223,8,Sếp Nhuận Đz,987654321,nhuan123321@vku.udn.vn,1,3,View đẹp,1,2024-04-27 17:00:00,NULL
224,8,Sếp Nhuận Đz,987654321,nhuan123321@vku.udn.vn,3,3,View đẹp,1,2024-05-21 17:00:00,NULL
225,8,Sếp Nhuận Đz,987654321,nhuan123321@vku.udn.vn,2,3,Yên tĩnh,1,2024-10-27 17:00:00,NULL
226,8,Sếp Nhuận Đz,987654321,nhuan123321@vku.udn.vn,3,0,Yên tĩnh,1,2024-01-25 17:00:00,NULL
227,8,Sếp Nhuận Đz,987654321,nhuan123321@vku.udn.vn,1,1,Phòng tầng cao,1,2024-02-05 17:00:00,NULL
228,8,Sếp Nhuận Đz,987654321,nhuan123321@vku.udn.vn,2,3,View đẹp,1,2024-10-19 17:00:00,NULL
229,8,Sếp Nhuận Đz,987654321,nhuan123321@vku.udn.vn,2,1,Không có,1,2024-08-15 17:00:00,NULL
230,8,Sếp Nhuận Đz,987654321,nhuan123321@vku.udn.vn,2,1,Yên tĩnh,1,2024-08-23 17:00:00,NULL
231,8,Sếp Nhuận Đz,987654321,nhuan123321@vku.udn.vn,1,1,Phòng tầng cao,1,2024-05-13 17:00:00,NULL
232,8,Sếp Nhuận Đz,987654321,nhuan123321@vku.udn.vn,1,2,View đẹp,1,2024-08-26 17:00:00,NULL
233,8,Sếp Nhuận Đz,987654321,nhuan123321@vku.udn.vn,2,2,Phòng tầng cao,1,2024-05-18 17:00:00,NULL
234,9,Nhuận Đz,987654321,nhuandz123321@vku.udn.vn,2,0,Phòng tầng cao,1,2024-07-07 17:00:00,NULL
235,9,Nhuận Đz,987654321,nhuandz123321@vku.udn.vn,1,3,Không có,1,2024-07-28 17:00:00,NULL
236,9,Nhuận Đz,987654321,nhuandz123321@vku.udn.vn,2,0,Phòng tầng cao,1,2024-09-11 17:00:00,NULL
237,9,Nhuận Đz,987654321,nhuandz123321@vku.udn.vn,1,3,Yên tĩnh,1,2024-02-20 17:00:00,NULL
238,9,Nhuận Đz,987654321,nhuandz123321@vku.udn.vn,2,3,Phòng tầng cao,1,2024-02-22 17:00:00,NULL
239,9,Nhuận Đz,987654321,nhuandz123321@vku.udn.vn,2,1,Phòng tầng cao,1,2024-11-16 17:00:00,NULL
240,9,Nhuận Đz,987654321,nhuandz123321@vku.udn.vn,2,3,Phòng tầng cao,1,2024-02-06 17:00:00,NULL
241,9,Nhuận Đz,987654321,nhuandz123321@vku.udn.vn,2,0,Phòng tầng cao,1,2024-06-03 17:00:00,NULL
242,10,Nhuận Báo,987654321,nhuandz1221@vku.udn.vn,1,3,Yên tĩnh,1,2024-08-27 17:00:00,NULL
243,10,Nhuận Báo,987654321,nhuandz1221@vku.udn.vn,2,0,Yên tĩnh,1,2024-01-27 17:00:00,NULL
244,10,Nhuận Báo,987654321,nhuandz1221@vku.udn.vn,3,3,Yên tĩnh,1,2024-04-23 17:00:00,NULL
245,10,Nhuận Báo,987654321,nhuandz1221@vku.udn.vn,3,0,Phòng tầng cao,1,2024-10-06 17:00:00,NULL
246,10,Nhuận Báo,987654321,nhuandz1221@vku.udn.vn,2,3,Yên tĩnh,1,2024-09-05 17:00:00,NULL
247,10,Nhuận Báo,987654321,nhuandz1221@vku.udn.vn,2,1,View đẹp,1,2024-02-15 17:00:00,NULL
248,11,Nhuận Báo Thủ,987654321,nhuantrumcode@vku.udn.vn,1,2,Không có,1,2024-04-07 17:00:00,NULL
249,11,Nhuận Báo Thủ,987654321,nhuantrumcode@vku.udn.vn,2,1,Không có,1,2024-05-18 17:00:00,NULL
250,11,Nhuận Báo Thủ,987654321,nhuantrumcode@vku.udn.vn,3,3,Yên tĩnh,1,2024-10-12 17:00:00,NULL
251,11,Nhuận Báo Thủ,987654321,nhuantrumcode@vku.udn.vn,3,0,View đẹp,1,2024-03-08 17:00:00,NULL
252,11,Nhuận Báo Thủ,987654321,nhuantrumcode@vku.udn.vn,1,0,View đẹp,1,2024-09-08 17:00:00,NULL
253,11,Nhuận Báo Thủ,987654321,nhuantrumcode@vku.udn.vn,2,0,Không có,1,2024-10-05 17:00:00,NULL
254,11,Nhuận Báo Thủ,987654321,nhuantrumcode@vku.udn.vn,3,2,Yên tĩnh,1,2024-05-31 17:00:00,NULL
255,11,Nhuận Báo Thủ,987654321,nhuantrumcode@vku.udn.vn,1,1,View đẹp,1,2024-01-01 17:00:00,NULL
256,11,Nhuận Báo Thủ,987654321,nhuantrumcode@vku.udn.vn,3,2,View đẹp,1,2024-01-25 17:00:00,NULL
257,11,Nhuận Báo Thủ,987654321,nhuantrumcode@vku.udn.vn,3,2,Không có,1,2024-03-20 17:00:00,NULL
258,11,Nhuận Báo Thủ,987654321,nhuantrumcode@vku.udn.vn,1,3,Không có,1,2024-02-24 17:00:00,NULL
259,11,Nhuận Báo Thủ,987654321,nhuantrumcode@vku.udn.vn,1,1,Không có,1,2024-10-05 17:00:00,NULL
260,11,Nhuận Báo Thủ,987654321,nhuantrumcode@vku.udn.vn,1,1,Yên tĩnh,1,2024-09-04 17:00:00,NULL
261,11,Nhuận Báo Thủ,987654321,nhuantrumcode@vku.udn.vn,1,0,Phòng tầng cao,1,2024-04-07 17:00:00,NULL
262,11,Nhuận Báo Thủ,987654321,nhuantrumcode@vku.udn.vn,2,0,Không có,1,2024-08-21 17:00:00,NULL
263,11,Nhuận Báo Thủ,987654321,nhuantrumcode@vku.udn.vn,3,3,Không có,1,2024-02-01 17:00:00,NULL
264,11,Nhuận Báo Thủ,987654321,nhuantrumcode@vku.udn.vn,1,0,Phòng tầng cao,1,2024-08-02 17:00:00,NULL
265,11,Nhuận Báo Thủ,987654321,nhuantrumcode@vku.udn.vn,1,0,View đẹp,1,2024-08-02 17:00:00,NULL
266,13,Nhân Lê Khả,0000000000,nhanlekha@gmail.com,2,1,Yên tĩnh,1,2024-04-05 17:00:00,NULL
267,13,Nhân Lê Khả,0000000000,nhanlekha@gmail.com,3,3,Không có,1,2024-01-16 17:00:00,NULL
268,13,Nhân Lê Khả,0000000000,nhanlekha@gmail.com,2,1,Phòng tầng cao,1,2024-01-05 17:00:00,NULL
269,13,Nhân Lê Khả,0000000000,nhanlekha@gmail.com,3,0,Không có,1,2024-04-29 17:00:00,NULL
270,13,Nhân Lê Khả,0000000000,nhanlekha@gmail.com,2,2,Phòng tầng cao,1,2024-03-18 17:00:00,NULL
271,13,Nhân Lê Khả,0000000000,nhanlekha@gmail.com,2,3,View đẹp,1,2024-07-23 17:00:00,NULL
272,13,Nhân Lê Khả,0000000000,nhanlekha@gmail.com,2,2,View đẹp,1,2024-08-26 17:00:00,NULL
273,13,Nhân Lê Khả,0000000000,nhanlekha@gmail.com,2,2,Không có,1,2024-03-30 17:00:00,NULL
274,13,Nhân Lê Khả,0000000000,nhanlekha@gmail.com,3,2,Phòng tầng cao,1,2024-03-18 17:00:00,NULL
275,13,Nhân Lê Khả,0000000000,nhanlekha@gmail.com,2,2,Không có,1,2024-08-13 17:00:00,NULL
276,13,Nhân Lê Khả,0000000000,nhanlekha@gmail.com,3,1,View đẹp,1,2024-05-25 17:00:00,NULL
277,13,Nhân Lê Khả,0000000000,nhanlekha@gmail.com,2,2,Không có,1,2024-04-30 17:00:00,NULL
278,13,Nhân Lê Khả,0000000000,nhanlekha@gmail.com,1,3,Không có,1,2024-05-05 17:00:00,NULL
279,13,Nhân Lê Khả,0000000000,nhanlekha@gmail.com,3,2,View đẹp,1,2024-01-24 17:00:00,NULL
280,13,Nhân Lê Khả,0000000000,nhanlekha@gmail.com,2,0,Phòng tầng cao,1,2024-07-20 17:00:00,NULL
281,13,Nhân Lê Khả,0000000000,nhanlekha@gmail.com,3,0,Không có,1,2024-09-06 17:00:00,NULL
282,13,Nhân Lê Khả,0000000000,nhanlekha@gmail.com,3,1,Yên tĩnh,1,2024-10-21 17:00:00,NULL
283,13,Nhân Lê Khả,0000000000,nhanlekha@gmail.com,2,3,Không có,1,2024-02-15 17:00:00,NULL
284,13,Nhân Lê Khả,0000000000,nhanlekha@gmail.com,3,0,Phòng tầng cao,1,2024-10-28 17:00:00,NULL
285,13,Nhân Lê Khả,0000000000,nhanlekha@gmail.com,3,2,Phòng tầng cao,1,2024-06-04 17:00:00,NULL
286,13,Nhân Lê Khả,0000000000,nhanlekha@gmail.com,3,1,View đẹp,1,2024-09-30 17:00:00,NULL
287,13,Nhân Lê Khả,0000000000,nhanlekha@gmail.com,1,0,View đẹp,1,2024-03-14 17:00:00,NULL
288,14,Nhuận Báo Thủ Cute,987654321,phunhuanhuynh2003@gmail.com,2,1,Phòng tầng cao,1,2024-10-09 17:00:00,NULL
289,14,Nhuận Báo Thủ Cute,987654321,phunhuanhuynh2003@gmail.com,2,1,Phòng tầng cao,1,2024-05-23 17:00:00,NULL
290,14,Nhuận Báo Thủ Cute,987654321,phunhuanhuynh2003@gmail.com,2,3,Phòng tầng cao,1,2024-10-20 17:00:00,NULL
291,14,Nhuận Báo Thủ Cute,987654321,phunhuanhuynh2003@gmail.com,2,3,View đẹp,1,2024-07-19 17:00:00,NULL
292,14,Nhuận Báo Thủ Cute,987654321,phunhuanhuynh2003@gmail.com,1,3,Phòng tầng cao,1,2024-09-06 17:00:00,NULL
293,14,Nhuận Báo Thủ Cute,987654321,phunhuanhuynh2003@gmail.com,3,1,Không có,1,2024-05-22 17:00:00,NULL
294,14,Nhuận Báo Thủ Cute,987654321,phunhuanhuynh2003@gmail.com,3,2,Phòng tầng cao,1,2024-07-20 17:00:00,NULL
295,14,Nhuận Báo Thủ Cute,987654321,phunhuanhuynh2003@gmail.com,3,1,Yên tĩnh,1,2024-02-12 17:00:00,NULL
296,14,Nhuận Báo Thủ Cute,987654321,phunhuanhuynh2003@gmail.com,3,3,Yên tĩnh,1,2024-04-05 17:00:00,NULL
297,14,Nhuận Báo Thủ Cute,987654321,phunhuanhuynh2003@gmail.com,2,1,View đẹp,1,2024-09-19 17:00:00,NULL
298,15,Nguyễn Văn Vĩnh Nguyen,839519415,nguyenvy1470@gmail.com,2,2,Phòng tầng cao,1,2024-01-10 17:00:00,NULL
299,15,Nguyễn Văn Vĩnh Nguyen,839519415,nguyenvy1470@gmail.com,1,0,Phòng tầng cao,1,2024-05-03 17:00:00,NULL
300,15,Nguyễn Văn Vĩnh Nguyen,839519415,nguyenvy1470@gmail.com,2,0,Không có,1,2024-10-02 17:00:00,NULL
301,15,Nguyễn Văn Vĩnh Nguyen,839519415,nguyenvy1470@gmail.com,2,1,Không có,1,2024-04-09 17:00:00,NULL
302,15,Nguyễn Văn Vĩnh Nguyen,839519415,nguyenvy1470@gmail.com,3,3,View đẹp,1,2024-08-08 17:00:00,NULL
303,15,Nguyễn Văn Vĩnh Nguyen,839519415,nguyenvy1470@gmail.com,3,0,Yên tĩnh,1,2024-04-08 17:00:00,NULL
304,15,Nguyễn Văn Vĩnh Nguyen,839519415,nguyenvy1470@gmail.com,3,0,Không có,1,2024-06-16 17:00:00,NULL
305,15,Nguyễn Văn Vĩnh Nguyen,839519415,nguyenvy1470@gmail.com,3,0,View đẹp,1,2024-01-05 17:00:00,NULL
306,15,Nguyễn Văn Vĩnh Nguyen,839519415,nguyenvy1470@gmail.com,3,3,Phòng tầng cao,1,2024-04-07 17:00:00,NULL
307,15,Nguyễn Văn Vĩnh Nguyen,839519415,nguyenvy1470@gmail.com,1,2,Yên tĩnh,1,2024-08-02 17:00:00,NULL
308,15,Nguyễn Văn Vĩnh Nguyen,839519415,nguyenvy1470@gmail.com,1,0,View đẹp,1,2024-10-28 17:00:00,NULL
309,15,Nguyễn Văn Vĩnh Nguyen,839519415,nguyenvy1470@gmail.com,2,0,View đẹp,1,2024-10-08 17:00:00,NULL
310,15,Nguyễn Văn Vĩnh Nguyen,839519415,nguyenvy1470@gmail.com,1,3,View đẹp,1,2024-07-31 17:00:00,NULL
311,15,Nguyễn Văn Vĩnh Nguyen,839519415,nguyenvy1470@gmail.com,2,3,Phòng tầng cao,1,2024-09-19 17:00:00,NULL
312,15,Nguyễn Văn Vĩnh Nguyen,839519415,nguyenvy1470@gmail.com,2,3,Yên tĩnh,1,2024-09-19 17:00:00,NULL
313,15,Nguyễn Văn Vĩnh Nguyen,839519415,nguyenvy1470@gmail.com,3,0,Yên tĩnh,1,2024-07-19 17:00:00,NULL
314,15,Nguyễn Văn Vĩnh Nguyen,839519415,nguyenvy1470@gmail.com,2,2,Không có,1,2024-07-25 17:00:00,NULL
315,15,Nguyễn Văn Vĩnh Nguyen,839519415,nguyenvy1470@gmail.com,3,3,Không có,1,2024-04-28 17:00:00,NULL
316,15,Nguyễn Văn Vĩnh Nguyen,839519415,nguyenvy1470@gmail.com,2,2,View đẹp,1,2024-10-22 17:00:00,NULL
317,16,Vanminh Tran,0000000000,vanminh22199@gmail.com,3,0,Phòng tầng cao,1,2024-10-16 17:00:00,NULL
318,16,Vanminh Tran,0000000000,vanminh22199@gmail.com,1,0,Phòng tầng cao,1,2024-03-25 17:00:00,NULL
319,16,Vanminh Tran,0000000000,vanminh22199@gmail.com,3,1,Không có,1,2024-02-25 17:00:00,NULL
320,16,Vanminh Tran,0000000000,vanminh22199@gmail.com,1,0,View đẹp,1,2024-01-12 17:00:00,NULL
321,16,Vanminh Tran,0000000000,vanminh22199@gmail.com,2,3,Phòng tầng cao,1,2024-03-05 17:00:00,NULL
322,16,Vanminh Tran,0000000000,vanminh22199@gmail.com,1,3,Phòng tầng cao,1,2024-04-26 17:00:00,NULL
323,16,Vanminh Tran,0000000000,vanminh22199@gmail.com,3,2,Yên tĩnh,1,2024-10-01 17:00:00,NULL
324,16,Vanminh Tran,0000000000,vanminh22199@gmail.com,2,1,Phòng tầng cao,1,2024-05-17 17:00:00,NULL
325,16,Vanminh Tran,0000000000,vanminh22199@gmail.com,1,2,View đẹp,1,2024-11-01 17:00:00,NULL
326,17,Nguyên Vĩnh,839519415,nguyennvv.21it@vku.udn.vn,2,2,Yên tĩnh,1,2024-09-24 17:00:00,NULL
327,17,Nguyên Vĩnh,839519415,nguyennvv.21it@vku.udn.vn,2,0,Yên tĩnh,1,2024-10-15 17:00:00,NULL
328,17,Nguyên Vĩnh,839519415,nguyennvv.21it@vku.udn.vn,1,3,View đẹp,1,2024-10-01 17:00:00,NULL
329,100,Phan Hải Cường,0560084473,customer100@example.com,3,3,Yên tĩnh,1,2024-01-11 17:00:00,NULL
330,100,Phan Hải Cường,0560084473,customer100@example.com,1,1,Không có,1,2024-08-06 17:00:00,NULL
331,100,Phan Hải Cường,0560084473,customer100@example.com,2,2,Không có,1,2024-11-11 17:00:00,NULL
332,100,Phan Hải Cường,0560084473,customer100@example.com,3,3,Phòng tầng cao,1,2024-05-22 17:00:00,NULL
333,100,Phan Hải Cường,0560084473,customer100@example.com,1,1,Yên tĩnh,1,2024-11-02 17:00:00,NULL
334,100,Phan Hải Cường,0560084473,customer100@example.com,1,2,Yên tĩnh,1,2024-03-19 17:00:00,NULL
335,100,Phan Hải Cường,0560084473,customer100@example.com,1,1,Yên tĩnh,1,2024-09-18 17:00:00,NULL
336,100,Phan Hải Cường,0560084473,customer100@example.com,2,1,View đẹp,1,2024-09-13 17:00:00,NULL
337,100,Phan Hải Cường,0560084473,customer100@example.com,2,1,Không có,1,2024-04-07 17:00:00,NULL
338,100,Phan Hải Cường,0560084473,customer100@example.com,3,0,View đẹp,1,2024-07-08 17:00:00,NULL
339,100,Phan Hải Cường,0560084473,customer100@example.com,2,2,Không có,1,2024-05-17 17:00:00,NULL
340,100,Phan Hải Cường,0560084473,customer100@example.com,2,0,Yên tĩnh,1,2024-06-06 17:00:00,NULL
341,100,Phan Hải Cường,0560084473,customer100@example.com,3,1,View đẹp,1,2024-07-11 17:00:00,NULL
342,100,Phan Hải Cường,0560084473,customer100@example.com,2,1,Không có,1,2024-05-26 17:00:00,NULL
343,100,Phan Hải Cường,0560084473,customer100@example.com,1,3,Yên tĩnh,1,2024-10-19 17:00:00,NULL
344,100,Phan Hải Cường,0560084473,customer100@example.com,1,2,Yên tĩnh,1,2024-05-12 17:00:00,NULL
345,100,Phan Hải Cường,0560084473,customer100@example.com,1,0,View đẹp,1,2024-01-11 17:00:00,NULL
346,100,Phan Hải Cường,0560084473,customer100@example.com,3,1,Phòng tầng cao,1,2024-04-10 17:00:00,NULL
347,100,Phan Hải Cường,0560084473,customer100@example.com,1,0,View đẹp,1,2024-07-22 17:00:00,NULL
348,100,Phan Hải Cường,0560084473,customer100@example.com,3,0,Không có,1,2024-03-08 17:00:00,NULL
349,100,Phan Hải Cường,0560084473,customer100@example.com,3,3,View đẹp,1,2024-10-03 17:00:00,NULL
350,100,Phan Hải Cường,0560084473,customer100@example.com,3,2,Yên tĩnh,1,2024-05-30 17:00:00,NULL
351,100,Phan Hải Cường,0560084473,customer100@example.com,3,1,Không có,1,2024-10-14 17:00:00,NULL
352,100,Phan Hải Cường,0560084473,customer100@example.com,2,1,Phòng tầng cao,1,2024-08-20 17:00:00,NULL
353,100,Phan Hải Cường,0560084473,customer100@example.com,1,3,Phòng tầng cao,1,2024-01-14 17:00:00,NULL
354,101,Trần Thanh Lan,0303365820,customer101@example.com,1,1,Yên tĩnh,1,2024-08-11 17:00:00,NULL
355,101,Trần Thanh Lan,0303365820,customer101@example.com,2,1,Không có,1,2024-05-25 17:00:00,NULL
356,101,Trần Thanh Lan,0303365820,customer101@example.com,3,2,Phòng tầng cao,1,2024-03-23 17:00:00,NULL
357,101,Trần Thanh Lan,0303365820,customer101@example.com,3,1,View đẹp,1,2024-03-09 17:00:00,NULL
358,101,Trần Thanh Lan,0303365820,customer101@example.com,1,0,Không có,1,2024-05-07 17:00:00,NULL
359,101,Trần Thanh Lan,0303365820,customer101@example.com,3,0,Phòng tầng cao,1,2024-11-02 17:00:00,NULL
360,101,Trần Thanh Lan,0303365820,customer101@example.com,2,3,Không có,1,2024-05-29 17:00:00,NULL
361,101,Trần Thanh Lan,0303365820,customer101@example.com,2,0,View đẹp,1,2024-06-21 17:00:00,NULL
362,101,Trần Thanh Lan,0303365820,customer101@example.com,3,2,View đẹp,1,2024-10-28 17:00:00,NULL
363,101,Trần Thanh Lan,0303365820,customer101@example.com,3,1,View đẹp,1,2024-11-14 17:00:00,NULL
364,101,Trần Thanh Lan,0303365820,customer101@example.com,3,1,Yên tĩnh,1,2024-09-18 17:00:00,NULL
365,102,Phan Quốc Nga,0749167122,customer102@example.com,3,3,Không có,1,2024-04-06 17:00:00,NULL
366,102,Phan Quốc Nga,0749167122,customer102@example.com,1,2,Phòng tầng cao,1,2024-03-21 17:00:00,NULL
367,102,Phan Quốc Nga,0749167122,customer102@example.com,1,3,Yên tĩnh,1,2024-03-12 17:00:00,NULL
368,103,Huỳnh Văn Mai,0377294170,customer103@example.com,1,2,Không có,1,2024-10-11 17:00:00,NULL
369,103,Huỳnh Văn Mai,0377294170,customer103@example.com,3,1,Phòng tầng cao,1,2024-05-20 17:00:00,NULL
370,103,Huỳnh Văn Mai,0377294170,customer103@example.com,3,3,Phòng tầng cao,1,2024-06-07 17:00:00,NULL
371,103,Huỳnh Văn Mai,0377294170,customer103@example.com,1,0,Phòng tầng cao,1,2024-02-20 17:00:00,NULL
372,103,Huỳnh Văn Mai,0377294170,customer103@example.com,2,2,Yên tĩnh,1,2024-09-04 17:00:00,NULL
373,103,Huỳnh Văn Mai,0377294170,customer103@example.com,2,2,Yên tĩnh,1,2024-06-22 17:00:00,NULL
374,103,Huỳnh Văn Mai,0377294170,customer103@example.com,1,2,View đẹp,1,2024-09-09 17:00:00,NULL
375,104,Phan Hoàng Trang,0551527229,customer104@example.com,3,0,Yên tĩnh,1,2024-01-14 17:00:00,NULL
376,104,Phan Hoàng Trang,0551527229,customer104@example.com,1,2,Phòng tầng cao,1,2024-09-18 17:00:00,NULL
377,104,Phan Hoàng Trang,0551527229,customer104@example.com,2,0,Không có,1,2024-09-11 17:00:00,NULL
378,104,Phan Hoàng Trang,0551527229,customer104@example.com,1,1,Phòng tầng cao,1,2024-07-02 17:00:00,NULL
379,104,Phan Hoàng Trang,0551527229,customer104@example.com,3,2,View đẹp,1,2024-02-17 17:00:00,NULL
380,104,Phan Hoàng Trang,0551527229,customer104@example.com,1,1,View đẹp,1,2024-09-25 17:00:00,NULL
381,104,Phan Hoàng Trang,0551527229,customer104@example.com,1,0,Phòng tầng cao,1,2024-01-11 17:00:00,NULL
382,104,Phan Hoàng Trang,0551527229,customer104@example.com,2,1,Phòng tầng cao,1,2024-06-15 17:00:00,NULL
383,104,Phan Hoàng Trang,0551527229,customer104@example.com,2,0,View đẹp,1,2024-11-09 17:00:00,NULL
384,105,Phạm Minh Lan,0522734897,customer105@example.com,1,0,Không có,1,2024-10-16 17:00:00,NULL
385,105,Phạm Minh Lan,0522734897,customer105@example.com,2,2,Không có,1,2024-02-22 17:00:00,NULL
386,105,Phạm Minh Lan,0522734897,customer105@example.com,3,1,View đẹp,1,2024-08-17 17:00:00,NULL
387,105,Phạm Minh Lan,0522734897,customer105@example.com,3,2,Phòng tầng cao,1,2024-09-08 17:00:00,NULL
388,105,Phạm Minh Lan,0522734897,customer105@example.com,3,3,Không có,1,2024-10-12 17:00:00,NULL
389,106,Võ Quốc Hùng,0384484764,customer106@example.com,1,2,View đẹp,1,2024-11-16 17:00:00,NULL
390,106,Võ Quốc Hùng,0384484764,customer106@example.com,2,2,Không có,1,2024-11-17 17:00:00,NULL
391,106,Võ Quốc Hùng,0384484764,customer106@example.com,2,2,View đẹp,1,2024-08-24 17:00:00,NULL
392,106,Võ Quốc Hùng,0384484764,customer106@example.com,3,3,View đẹp,1,2024-11-06 17:00:00,NULL
393,106,Võ Quốc Hùng,0384484764,customer106@example.com,2,0,Không có,1,2024-07-15 17:00:00,NULL
394,107,Phạm Văn Trang,0599035588,customer107@example.com,2,2,Không có,1,2024-02-20 17:00:00,NULL
395,107,Phạm Văn Trang,0599035588,customer107@example.com,3,0,Không có,1,2024-03-13 17:00:00,NULL
396,107,Phạm Văn Trang,0599035588,customer107@example.com,2,0,View đẹp,1,2024-01-27 17:00:00,NULL
397,107,Phạm Văn Trang,0599035588,customer107@example.com,3,2,Yên tĩnh,1,2024-03-12 17:00:00,NULL
398,107,Phạm Văn Trang,0599035588,customer107@example.com,2,1,View đẹp,1,2024-09-24 17:00:00,NULL
399,107,Phạm Văn Trang,0599035588,customer107@example.com,3,2,Phòng tầng cao,1,2024-10-23 17:00:00,NULL
400,107,Phạm Văn Trang,0599035588,customer107@example.com,2,1,Phòng tầng cao,1,2024-11-09 17:00:00,NULL
401,107,Phạm Văn Trang,0599035588,customer107@example.com,1,1,Phòng tầng cao,1,2024-01-04 17:00:00,NULL
402,107,Phạm Văn Trang,0599035588,customer107@example.com,3,3,Yên tĩnh,1,2024-09-02 17:00:00,NULL
403,107,Phạm Văn Trang,0599035588,customer107@example.com,1,3,Không có,1,2024-09-25 17:00:00,NULL
404,107,Phạm Văn Trang,0599035588,customer107@example.com,2,3,Không có,1,2024-07-25 17:00:00,NULL
405,107,Phạm Văn Trang,0599035588,customer107@example.com,1,1,Không có,1,2024-02-06 17:00:00,NULL
406,107,Phạm Văn Trang,0599035588,customer107@example.com,3,0,Yên tĩnh,1,2024-04-25 17:00:00,NULL
407,108,Vũ Hải Linh,0300392372,customer108@example.com,3,1,Không có,1,2024-02-29 17:00:00,NULL
408,108,Vũ Hải Linh,0300392372,customer108@example.com,1,2,Yên tĩnh,1,2024-11-23 17:00:00,NULL
409,108,Vũ Hải Linh,0300392372,customer108@example.com,2,0,Yên tĩnh,1,2024-02-29 17:00:00,NULL
410,109,Huỳnh Minh Cường,0447762905,customer109@example.com,3,0,View đẹp,1,2024-01-24 17:00:00,NULL
411,109,Huỳnh Minh Cường,0447762905,customer109@example.com,3,0,Không có,1,2024-10-14 17:00:00,NULL
412,109,Huỳnh Minh Cường,0447762905,customer109@example.com,1,2,Phòng tầng cao,1,2024-08-01 17:00:00,NULL
413,109,Huỳnh Minh Cường,0447762905,customer109@example.com,1,2,Phòng tầng cao,1,2024-03-14 17:00:00,NULL
414,109,Huỳnh Minh Cường,0447762905,customer109@example.com,1,0,View đẹp,1,2024-10-08 17:00:00,NULL
415,109,Huỳnh Minh Cường,0447762905,customer109@example.com,1,3,Phòng tầng cao,1,2024-06-21 17:00:00,NULL
416,109,Huỳnh Minh Cường,0447762905,customer109@example.com,1,0,Không có,1,2024-09-22 17:00:00,NULL
417,109,Huỳnh Minh Cường,0447762905,customer109@example.com,2,2,Phòng tầng cao,1,2024-11-21 17:00:00,NULL
418,109,Huỳnh Minh Cường,0447762905,customer109@example.com,1,3,Phòng tầng cao,1,2024-03-22 17:00:00,NULL
419,109,Huỳnh Minh Cường,0447762905,customer109@example.com,1,0,Yên tĩnh,1,2024-11-10 17:00:00,NULL
420,109,Huỳnh Minh Cường,0447762905,customer109@example.com,3,0,Phòng tầng cao,1,2024-07-14 17:00:00,NULL
421,109,Huỳnh Minh Cường,0447762905,customer109@example.com,2,1,Không có,1,2024-02-29 17:00:00,NULL
422,109,Huỳnh Minh Cường,0447762905,customer109@example.com,2,2,View đẹp,1,2024-05-07 17:00:00,NULL
423,109,Huỳnh Minh Cường,0447762905,customer109@example.com,3,3,Phòng tầng cao,1,2024-02-12 17:00:00,NULL
424,109,Huỳnh Minh Cường,0447762905,customer109@example.com,3,2,View đẹp,1,2024-05-24 17:00:00,NULL
425,109,Huỳnh Minh Cường,0447762905,customer109@example.com,1,1,Phòng tầng cao,1,2024-09-14 17:00:00,NULL
426,110,Hoàng Minh Trang,0970973282,customer110@example.com,1,0,Yên tĩnh,1,2024-06-22 17:00:00,NULL
427,110,Hoàng Minh Trang,0970973282,customer110@example.com,2,3,Không có,1,2024-02-03 17:00:00,NULL
428,110,Hoàng Minh Trang,0970973282,customer110@example.com,2,1,Yên tĩnh,1,2024-02-07 17:00:00,NULL
429,110,Hoàng Minh Trang,0970973282,customer110@example.com,1,3,View đẹp,1,2024-01-14 17:00:00,NULL
430,110,Hoàng Minh Trang,0970973282,customer110@example.com,2,3,View đẹp,1,2024-11-19 17:00:00,NULL
431,110,Hoàng Minh Trang,0970973282,customer110@example.com,3,0,View đẹp,1,2024-03-15 17:00:00,NULL
432,110,Hoàng Minh Trang,0970973282,customer110@example.com,2,2,Yên tĩnh,1,2024-06-06 17:00:00,NULL
433,110,Hoàng Minh Trang,0970973282,customer110@example.com,1,1,Phòng tầng cao,1,2024-06-02 17:00:00,NULL
434,110,Hoàng Minh Trang,0970973282,customer110@example.com,1,0,Không có,1,2024-04-03 17:00:00,NULL
435,110,Hoàng Minh Trang,0970973282,customer110@example.com,2,1,View đẹp,1,2024-02-15 17:00:00,NULL
436,111,Phạm Thanh Mai,0822039398,customer111@example.com,3,1,View đẹp,1,2024-08-29 17:00:00,NULL
437,111,Phạm Thanh Mai,0822039398,customer111@example.com,3,0,Không có,1,2024-09-21 17:00:00,NULL
438,111,Phạm Thanh Mai,0822039398,customer111@example.com,1,0,View đẹp,1,2024-04-10 17:00:00,NULL
439,111,Phạm Thanh Mai,0822039398,customer111@example.com,2,2,Yên tĩnh,1,2024-07-10 17:00:00,NULL
440,111,Phạm Thanh Mai,0822039398,customer111@example.com,2,2,Yên tĩnh,1,2024-10-01 17:00:00,NULL
441,111,Phạm Thanh Mai,0822039398,customer111@example.com,2,1,View đẹp,1,2024-04-20 17:00:00,NULL
442,111,Phạm Thanh Mai,0822039398,customer111@example.com,3,2,Phòng tầng cao,1,2024-10-31 17:00:00,NULL
443,111,Phạm Thanh Mai,0822039398,customer111@example.com,3,1,Không có,1,2024-10-15 17:00:00,NULL
444,111,Phạm Thanh Mai,0822039398,customer111@example.com,1,1,Yên tĩnh,1,2024-03-29 17:00:00,NULL
445,111,Phạm Thanh Mai,0822039398,customer111@example.com,2,1,Phòng tầng cao,1,2024-03-03 17:00:00,NULL
446,111,Phạm Thanh Mai,0822039398,customer111@example.com,3,2,Phòng tầng cao,1,2024-07-16 17:00:00,NULL
447,111,Phạm Thanh Mai,0822039398,customer111@example.com,2,3,Phòng tầng cao,1,2024-09-13 17:00:00,NULL
448,111,Phạm Thanh Mai,0822039398,customer111@example.com,2,2,Yên tĩnh,1,2024-07-10 17:00:00,NULL
449,111,Phạm Thanh Mai,0822039398,customer111@example.com,2,3,Phòng tầng cao,1,2024-01-11 17:00:00,NULL
450,111,Phạm Thanh Mai,0822039398,customer111@example.com,3,0,View đẹp,1,2024-11-19 17:00:00,NULL
451,111,Phạm Thanh Mai,0822039398,customer111@example.com,1,0,Không có,1,2024-04-05 17:00:00,NULL
452,111,Phạm Thanh Mai,0822039398,customer111@example.com,1,0,Không có,1,2024-10-18 17:00:00,NULL
453,111,Phạm Thanh Mai,0822039398,customer111@example.com,1,1,Không có,1,2024-09-11 17:00:00,NULL
454,112,Lê Hoàng Anh,0530973841,customer112@example.com,1,0,Không có,1,2024-09-19 17:00:00,NULL
455,112,Lê Hoàng Anh,0530973841,customer112@example.com,2,2,Phòng tầng cao,1,2024-03-15 17:00:00,NULL
456,112,Lê Hoàng Anh,0530973841,customer112@example.com,1,0,Yên tĩnh,1,2024-06-22 17:00:00,NULL
457,112,Lê Hoàng Anh,0530973841,customer112@example.com,1,1,Yên tĩnh,1,2024-02-01 17:00:00,NULL
458,112,Lê Hoàng Anh,0530973841,customer112@example.com,1,3,View đẹp,1,2024-05-09 17:00:00,NULL
459,112,Lê Hoàng Anh,0530973841,customer112@example.com,3,2,View đẹp,1,2023-12-31 17:00:00,NULL
460,112,Lê Hoàng Anh,0530973841,customer112@example.com,1,0,Yên tĩnh,1,2024-08-29 17:00:00,NULL
461,112,Lê Hoàng Anh,0530973841,customer112@example.com,1,1,Phòng tầng cao,1,2024-05-18 17:00:00,NULL
462,112,Lê Hoàng Anh,0530973841,customer112@example.com,2,0,Yên tĩnh,1,2024-07-31 17:00:00,NULL
463,112,Lê Hoàng Anh,0530973841,customer112@example.com,3,0,View đẹp,1,2024-11-20 17:00:00,NULL
464,113,Võ Hoàng Bình,0486512515,customer113@example.com,3,3,Không có,1,2024-09-06 17:00:00,NULL
465,113,Võ Hoàng Bình,0486512515,customer113@example.com,2,0,Không có,1,2024-05-23 17:00:00,NULL
466,113,Võ Hoàng Bình,0486512515,customer113@example.com,3,3,View đẹp,1,2024-05-16 17:00:00,NULL
467,113,Võ Hoàng Bình,0486512515,customer113@example.com,3,3,Không có,1,2024-06-09 17:00:00,NULL
468,113,Võ Hoàng Bình,0486512515,customer113@example.com,2,0,Phòng tầng cao,1,2024-10-18 17:00:00,NULL
469,113,Võ Hoàng Bình,0486512515,customer113@example.com,2,1,Yên tĩnh,1,2024-09-15 17:00:00,NULL
470,113,Võ Hoàng Bình,0486512515,customer113@example.com,2,1,Yên tĩnh,1,2024-04-04 17:00:00,NULL
471,113,Võ Hoàng Bình,0486512515,customer113@example.com,2,0,Phòng tầng cao,1,2024-02-23 17:00:00,NULL
472,113,Võ Hoàng Bình,0486512515,customer113@example.com,3,1,Yên tĩnh,1,2024-06-29 17:00:00,NULL
473,113,Võ Hoàng Bình,0486512515,customer113@example.com,1,3,Phòng tầng cao,1,2024-05-23 17:00:00,NULL
474,113,Võ Hoàng Bình,0486512515,customer113@example.com,1,1,Không có,1,2024-09-07 17:00:00,NULL
475,113,Võ Hoàng Bình,0486512515,customer113@example.com,2,2,Phòng tầng cao,1,2024-11-01 17:00:00,NULL
476,114,Vũ Văn Mai,0907892147,customer114@example.com,1,1,View đẹp,1,2024-01-29 17:00:00,NULL
477,114,Vũ Văn Mai,0907892147,customer114@example.com,3,3,Yên tĩnh,1,2024-10-26 17:00:00,NULL
478,114,Vũ Văn Mai,0907892147,customer114@example.com,3,1,Phòng tầng cao,1,2024-04-22 17:00:00,NULL
479,114,Vũ Văn Mai,0907892147,customer114@example.com,1,1,Yên tĩnh,1,2024-09-26 17:00:00,NULL
480,114,Vũ Văn Mai,0907892147,customer114@example.com,2,1,Không có,1,2024-08-26 17:00:00,NULL
481,114,Vũ Văn Mai,0907892147,customer114@example.com,1,3,Yên tĩnh,1,2024-06-16 17:00:00,NULL
482,114,Vũ Văn Mai,0907892147,customer114@example.com,2,3,Không có,1,2024-02-15 17:00:00,NULL
483,114,Vũ Văn Mai,0907892147,customer114@example.com,3,0,Không có,1,2024-04-02 17:00:00,NULL
484,114,Vũ Văn Mai,0907892147,customer114@example.com,3,0,Yên tĩnh,1,2024-02-20 17:00:00,NULL
485,114,Vũ Văn Mai,0907892147,customer114@example.com,2,2,Phòng tầng cao,1,2024-10-21 17:00:00,NULL
486,114,Vũ Văn Mai,0907892147,customer114@example.com,3,3,Yên tĩnh,1,2024-07-08 17:00:00,NULL
487,114,Vũ Văn Mai,0907892147,customer114@example.com,1,0,View đẹp,1,2024-08-07 17:00:00,NULL
488,114,Vũ Văn Mai,0907892147,customer114@example.com,1,2,View đẹp,1,2024-08-16 17:00:00,NULL
489,115,Huỳnh Thị Trang,0752493487,customer115@example.com,2,3,View đẹp,1,2024-08-11 17:00:00,NULL
490,115,Huỳnh Thị Trang,0752493487,customer115@example.com,3,3,View đẹp,1,2024-11-12 17:00:00,NULL
491,115,Huỳnh Thị Trang,0752493487,customer115@example.com,3,0,Phòng tầng cao,1,2024-05-13 17:00:00,NULL
492,116,Nguyễn Hoàng Nga,0486871207,customer116@example.com,1,0,Phòng tầng cao,1,2024-08-02 17:00:00,NULL
493,116,Nguyễn Hoàng Nga,0486871207,customer116@example.com,2,3,View đẹp,1,2024-04-29 17:00:00,NULL
494,116,Nguyễn Hoàng Nga,0486871207,customer116@example.com,2,3,Không có,1,2024-06-10 17:00:00,NULL
495,116,Nguyễn Hoàng Nga,0486871207,customer116@example.com,2,2,Không có,1,2024-08-18 17:00:00,NULL
496,116,Nguyễn Hoàng Nga,0486871207,customer116@example.com,3,2,View đẹp,1,2024-02-04 17:00:00,NULL
497,116,Nguyễn Hoàng Nga,0486871207,customer116@example.com,2,3,Phòng tầng cao,1,2024-02-25 17:00:00,NULL
498,116,Nguyễn Hoàng Nga,0486871207,customer116@example.com,2,3,View đẹp,1,2024-11-22 17:00:00,NULL
499,116,Nguyễn Hoàng Nga,0486871207,customer116@example.com,1,1,View đẹp,1,2024-11-21 17:00:00,NULL
500,116,Nguyễn Hoàng Nga,0486871207,customer116@example.com,3,1,Không có,1,2024-10-24 17:00:00,NULL
501,116,Nguyễn Hoàng Nga,0486871207,customer116@example.com,2,0,Phòng tầng cao,1,2024-02-27 17:00:00,NULL
502,116,Nguyễn Hoàng Nga,0486871207,customer116@example.com,3,0,Yên tĩnh,1,2024-06-16 17:00:00,NULL
503,117,Nguyễn Minh Lan,0634802148,customer117@example.com,2,1,Phòng tầng cao,1,2024-07-22 17:00:00,NULL
504,117,Nguyễn Minh Lan,0634802148,customer117@example.com,3,2,Phòng tầng cao,1,2024-04-08 17:00:00,NULL
505,117,Nguyễn Minh Lan,0634802148,customer117@example.com,1,0,Yên tĩnh,1,2024-09-26 17:00:00,NULL
506,118,Phạm Quốc Bình,0475532006,customer118@example.com,2,1,Yên tĩnh,1,2024-08-27 17:00:00,NULL
507,118,Phạm Quốc Bình,0475532006,customer118@example.com,1,2,View đẹp,1,2024-08-20 17:00:00,NULL
508,118,Phạm Quốc Bình,0475532006,customer118@example.com,3,0,Yên tĩnh,1,2024-06-19 17:00:00,NULL
509,118,Phạm Quốc Bình,0475532006,customer118@example.com,1,1,Không có,1,2024-02-24 17:00:00,NULL
510,118,Phạm Quốc Bình,0475532006,customer118@example.com,1,0,Phòng tầng cao,1,2024-08-05 17:00:00,NULL
511,119,Trần Quốc Nga,0589034712,customer119@example.com,2,3,Phòng tầng cao,1,2024-05-14 17:00:00,NULL
512,119,Trần Quốc Nga,0589034712,customer119@example.com,2,1,View đẹp,1,2024-07-01 17:00:00,NULL
513,119,Trần Quốc Nga,0589034712,customer119@example.com,3,1,View đẹp,1,2024-08-31 17:00:00,NULL
514,119,Trần Quốc Nga,0589034712,customer119@example.com,3,1,Yên tĩnh,1,2024-09-27 17:00:00,NULL
515,119,Trần Quốc Nga,0589034712,customer119@example.com,3,1,View đẹp,1,2024-07-06 17:00:00,NULL
516,119,Trần Quốc Nga,0589034712,customer119@example.com,2,2,View đẹp,1,2024-06-01 17:00:00,NULL
517,119,Trần Quốc Nga,0589034712,customer119@example.com,2,2,Yên tĩnh,1,2024-01-12 17:00:00,NULL
518,119,Trần Quốc Nga,0589034712,customer119@example.com,2,1,View đẹp,1,2024-09-21 17:00:00,NULL
519,119,Trần Quốc Nga,0589034712,customer119@example.com,1,2,Yên tĩnh,1,2024-02-11 17:00:00,NULL
520,119,Trần Quốc Nga,0589034712,customer119@example.com,3,3,Không có,1,2024-10-08 17:00:00,NULL
521,119,Trần Quốc Nga,0589034712,customer119@example.com,2,3,Phòng tầng cao,1,2024-05-10 17:00:00,NULL
522,120,Đặng Thanh Trang,0913181820,customer120@example.com,2,0,View đẹp,1,2024-08-20 17:00:00,NULL
523,120,Đặng Thanh Trang,0913181820,customer120@example.com,3,2,Không có,1,2024-09-15 17:00:00,NULL
524,120,Đặng Thanh Trang,0913181820,customer120@example.com,1,1,Phòng tầng cao,1,2024-02-07 17:00:00,NULL
525,120,Đặng Thanh Trang,0913181820,customer120@example.com,1,3,Yên tĩnh,1,2024-02-21 17:00:00,NULL
526,120,Đặng Thanh Trang,0913181820,customer120@example.com,1,3,Không có,1,2024-08-19 17:00:00,NULL
527,120,Đặng Thanh Trang,0913181820,customer120@example.com,3,1,View đẹp,1,2024-10-06 17:00:00,NULL
528,120,Đặng Thanh Trang,0913181820,customer120@example.com,2,0,Không có,1,2024-04-05 17:00:00,NULL
529,120,Đặng Thanh Trang,0913181820,customer120@example.com,2,0,Yên tĩnh,1,2024-09-05 17:00:00,NULL
530,120,Đặng Thanh Trang,0913181820,customer120@example.com,3,3,View đẹp,1,2024-07-13 17:00:00,NULL
531,120,Đặng Thanh Trang,0913181820,customer120@example.com,2,3,Phòng tầng cao,1,2024-08-04 17:00:00,NULL
532,120,Đặng Thanh Trang,0913181820,customer120@example.com,2,1,Không có,1,2024-08-06 17:00:00,NULL
533,120,Đặng Thanh Trang,0913181820,customer120@example.com,1,0,Yên tĩnh,1,2024-05-04 17:00:00,NULL
534,121,Nguyễn Thị Nga,0997262414,customer121@example.com,1,2,Yên tĩnh,1,2024-08-20 17:00:00,NULL
535,121,Nguyễn Thị Nga,0997262414,customer121@example.com,2,3,Yên tĩnh,1,2024-01-26 17:00:00,NULL
536,121,Nguyễn Thị Nga,0997262414,customer121@example.com,3,0,Yên tĩnh,1,2024-04-14 17:00:00,NULL
537,121,Nguyễn Thị Nga,0997262414,customer121@example.com,3,3,View đẹp,1,2024-01-18 17:00:00,NULL
538,121,Nguyễn Thị Nga,0997262414,customer121@example.com,2,3,Yên tĩnh,1,2024-03-21 17:00:00,NULL
539,121,Nguyễn Thị Nga,0997262414,customer121@example.com,2,0,Yên tĩnh,1,2024-06-17 17:00:00,NULL
540,121,Nguyễn Thị Nga,0997262414,customer121@example.com,3,3,Yên tĩnh,1,2024-07-01 17:00:00,NULL
541,121,Nguyễn Thị Nga,0997262414,customer121@example.com,2,2,Yên tĩnh,1,2024-02-22 17:00:00,NULL
542,122,Võ Hoàng Anh,0582855505,customer122@example.com,1,0,Phòng tầng cao,1,2024-02-09 17:00:00,NULL
543,122,Võ Hoàng Anh,0582855505,customer122@example.com,3,3,Yên tĩnh,1,2024-04-04 17:00:00,NULL
544,122,Võ Hoàng Anh,0582855505,customer122@example.com,1,0,View đẹp,1,2024-03-18 17:00:00,NULL
545,122,Võ Hoàng Anh,0582855505,customer122@example.com,2,0,Không có,1,2024-04-20 17:00:00,NULL
546,122,Võ Hoàng Anh,0582855505,customer122@example.com,1,2,Yên tĩnh,1,2024-04-07 17:00:00,NULL
547,122,Võ Hoàng Anh,0582855505,customer122@example.com,1,3,View đẹp,1,2024-02-17 17:00:00,NULL
548,122,Võ Hoàng Anh,0582855505,customer122@example.com,1,1,Yên tĩnh,1,2024-03-08 17:00:00,NULL
549,123,Nguyễn Thu Linh,0501165548,customer123@example.com,3,2,Không có,1,2024-10-05 17:00:00,NULL
550,123,Nguyễn Thu Linh,0501165548,customer123@example.com,3,1,View đẹp,1,2024-10-23 17:00:00,NULL
551,123,Nguyễn Thu Linh,0501165548,customer123@example.com,1,1,Không có,1,2024-08-19 17:00:00,NULL
552,124,Nguyễn Minh Trang,0777886758,customer124@example.com,3,3,Phòng tầng cao,1,2024-02-16 17:00:00,NULL
553,124,Nguyễn Minh Trang,0777886758,customer124@example.com,3,0,Phòng tầng cao,1,2024-06-14 17:00:00,NULL
554,124,Nguyễn Minh Trang,0777886758,customer124@example.com,2,0,Phòng tầng cao,1,2024-04-03 17:00:00,NULL
555,124,Nguyễn Minh Trang,0777886758,customer124@example.com,3,0,View đẹp,1,2024-08-11 17:00:00,NULL
556,124,Nguyễn Minh Trang,0777886758,customer124@example.com,3,3,Yên tĩnh,1,2024-03-22 17:00:00,NULL
557,125,Huỳnh Văn Bình,0909513291,customer125@example.com,2,1,Không có,1,2024-11-06 17:00:00,NULL
558,125,Huỳnh Văn Bình,0909513291,customer125@example.com,1,0,Yên tĩnh,1,2024-01-20 17:00:00,NULL
559,125,Huỳnh Văn Bình,0909513291,customer125@example.com,2,0,View đẹp,1,2024-08-08 17:00:00,NULL
560,125,Huỳnh Văn Bình,0909513291,customer125@example.com,3,3,Không có,1,2024-05-16 17:00:00,NULL
561,126,Đặng Văn Bình,0436933600,customer126@example.com,1,1,Phòng tầng cao,1,2024-02-04 17:00:00,NULL
562,126,Đặng Văn Bình,0436933600,customer126@example.com,2,3,Phòng tầng cao,1,2024-04-22 17:00:00,NULL
563,126,Đặng Văn Bình,0436933600,customer126@example.com,3,0,View đẹp,1,2024-01-16 17:00:00,NULL
564,126,Đặng Văn Bình,0436933600,customer126@example.com,2,0,Không có,1,2024-05-08 17:00:00,NULL
565,126,Đặng Văn Bình,0436933600,customer126@example.com,2,0,View đẹp,1,2024-11-12 17:00:00,NULL
566,126,Đặng Văn Bình,0436933600,customer126@example.com,3,2,View đẹp,1,2024-01-30 17:00:00,NULL
567,126,Đặng Văn Bình,0436933600,customer126@example.com,2,1,Không có,1,2024-10-26 17:00:00,NULL
568,126,Đặng Văn Bình,0436933600,customer126@example.com,1,1,Yên tĩnh,1,2023-12-31 17:00:00,NULL
569,127,Huỳnh Thanh Bình,0577425489,customer127@example.com,2,2,View đẹp,1,2024-04-12 17:00:00,NULL
570,127,Huỳnh Thanh Bình,0577425489,customer127@example.com,3,0,Yên tĩnh,1,2024-08-28 17:00:00,NULL
571,127,Huỳnh Thanh Bình,0577425489,customer127@example.com,2,1,Không có,1,2024-03-07 17:00:00,NULL
572,127,Huỳnh Thanh Bình,0577425489,customer127@example.com,3,0,Yên tĩnh,1,2024-07-09 17:00:00,NULL
573,127,Huỳnh Thanh Bình,0577425489,customer127@example.com,3,0,Không có,1,2024-01-22 17:00:00,NULL
574,127,Huỳnh Thanh Bình,0577425489,customer127@example.com,1,0,Yên tĩnh,1,2024-09-03 17:00:00,NULL
575,127,Huỳnh Thanh Bình,0577425489,customer127@example.com,3,0,Phòng tầng cao,1,2024-08-07 17:00:00,NULL
576,127,Huỳnh Thanh Bình,0577425489,customer127@example.com,2,2,View đẹp,1,2024-01-05 17:00:00,NULL
577,127,Huỳnh Thanh Bình,0577425489,customer127@example.com,2,1,View đẹp,1,2024-08-20 17:00:00,NULL
578,128,Vũ Thị Trang,0775962632,customer128@example.com,3,0,Yên tĩnh,1,2024-11-14 17:00:00,NULL
579,128,Vũ Thị Trang,0775962632,customer128@example.com,1,2,Không có,1,2024-05-25 17:00:00,NULL
580,128,Vũ Thị Trang,0775962632,customer128@example.com,2,1,Phòng tầng cao,1,2024-03-25 17:00:00,NULL
581,128,Vũ Thị Trang,0775962632,customer128@example.com,1,1,View đẹp,1,2024-06-30 17:00:00,NULL
582,128,Vũ Thị Trang,0775962632,customer128@example.com,2,0,View đẹp,1,2024-10-05 17:00:00,NULL
583,128,Vũ Thị Trang,0775962632,customer128@example.com,1,3,Không có,1,2024-06-22 17:00:00,NULL
584,128,Vũ Thị Trang,0775962632,customer128@example.com,1,1,Không có,1,2024-10-29 17:00:00,NULL
585,128,Vũ Thị Trang,0775962632,customer128@example.com,3,1,Không có,1,2024-07-06 17:00:00,NULL
586,128,Vũ Thị Trang,0775962632,customer128@example.com,2,1,Không có,1,2024-03-16 17:00:00,NULL
587,128,Vũ Thị Trang,0775962632,customer128@example.com,1,1,Không có,1,2024-09-26 17:00:00,NULL
588,128,Vũ Thị Trang,0775962632,customer128@example.com,3,3,View đẹp,1,2024-04-12 17:00:00,NULL
589,128,Vũ Thị Trang,0775962632,customer128@example.com,3,3,Phòng tầng cao,1,2024-04-29 17:00:00,NULL
590,128,Vũ Thị Trang,0775962632,customer128@example.com,3,1,Yên tĩnh,1,2024-09-02 17:00:00,NULL
591,128,Vũ Thị Trang,0775962632,customer128@example.com,3,1,Không có,1,2024-04-30 17:00:00,NULL
592,128,Vũ Thị Trang,0775962632,customer128@example.com,2,2,Yên tĩnh,1,2024-09-18 17:00:00,NULL
593,128,Vũ Thị Trang,0775962632,customer128@example.com,2,1,View đẹp,1,2024-11-07 17:00:00,NULL
594,128,Vũ Thị Trang,0775962632,customer128@example.com,3,3,Yên tĩnh,1,2024-01-28 17:00:00,NULL
595,128,Vũ Thị Trang,0775962632,customer128@example.com,2,1,Yên tĩnh,1,2024-10-24 17:00:00,NULL
596,128,Vũ Thị Trang,0775962632,customer128@example.com,2,0,View đẹp,1,2024-07-29 17:00:00,NULL
597,128,Vũ Thị Trang,0775962632,customer128@example.com,1,0,Yên tĩnh,1,2024-07-03 17:00:00,NULL
598,129,Phạm Thu Bình,0602959043,customer129@example.com,2,3,Yên tĩnh,1,2024-01-10 17:00:00,NULL
599,129,Phạm Thu Bình,0602959043,customer129@example.com,1,0,Không có,1,2024-01-17 17:00:00,NULL
600,129,Phạm Thu Bình,0602959043,customer129@example.com,2,2,Phòng tầng cao,1,2024-10-17 17:00:00,NULL
601,129,Phạm Thu Bình,0602959043,customer129@example.com,3,3,Yên tĩnh,1,2024-09-06 17:00:00,NULL
602,129,Phạm Thu Bình,0602959043,customer129@example.com,1,2,Không có,1,2024-06-18 17:00:00,NULL
603,129,Phạm Thu Bình,0602959043,customer129@example.com,3,0,Yên tĩnh,1,2024-03-16 17:00:00,NULL
604,129,Phạm Thu Bình,0602959043,customer129@example.com,1,1,Phòng tầng cao,1,2024-03-17 17:00:00,NULL
605,130,Hoàng Thị Trang,0407050825,customer130@example.com,3,0,View đẹp,1,2024-04-25 17:00:00,NULL
606,130,Hoàng Thị Trang,0407050825,customer130@example.com,3,1,Phòng tầng cao,1,2024-01-22 17:00:00,NULL
607,130,Hoàng Thị Trang,0407050825,customer130@example.com,3,1,View đẹp,1,2024-07-16 17:00:00,NULL
608,131,Vũ Hải Cường,0666514149,customer131@example.com,1,0,Không có,1,2024-01-17 17:00:00,NULL
609,131,Vũ Hải Cường,0666514149,customer131@example.com,3,1,Phòng tầng cao,1,2024-04-05 17:00:00,NULL
610,131,Vũ Hải Cường,0666514149,customer131@example.com,1,2,Không có,1,2024-11-07 17:00:00,NULL
611,131,Vũ Hải Cường,0666514149,customer131@example.com,3,3,Yên tĩnh,1,2024-03-02 17:00:00,NULL
612,131,Vũ Hải Cường,0666514149,customer131@example.com,2,0,Yên tĩnh,1,2024-01-28 17:00:00,NULL
613,131,Vũ Hải Cường,0666514149,customer131@example.com,1,3,Không có,1,2024-10-03 17:00:00,NULL
614,132,Hoàng Quốc Linh,0973666735,customer132@example.com,3,0,Yên tĩnh,1,2024-01-26 17:00:00,NULL
615,132,Hoàng Quốc Linh,0973666735,customer132@example.com,1,1,Yên tĩnh,1,2024-10-26 17:00:00,NULL
616,132,Hoàng Quốc Linh,0973666735,customer132@example.com,1,0,Yên tĩnh,1,2024-10-28 17:00:00,NULL
617,132,Hoàng Quốc Linh,0973666735,customer132@example.com,2,3,Phòng tầng cao,1,2024-03-06 17:00:00,NULL
618,132,Hoàng Quốc Linh,0973666735,customer132@example.com,1,2,Yên tĩnh,1,2024-01-26 17:00:00,NULL
619,132,Hoàng Quốc Linh,0973666735,customer132@example.com,3,1,Phòng tầng cao,1,2024-04-08 17:00:00,NULL
620,132,Hoàng Quốc Linh,0973666735,customer132@example.com,2,1,Không có,1,2024-11-12 17:00:00,NULL
621,133,Nguyễn Hải Cường,0693736681,customer133@example.com,3,3,Không có,1,2024-03-05 17:00:00,NULL
622,133,Nguyễn Hải Cường,0693736681,customer133@example.com,2,2,View đẹp,1,2024-09-06 17:00:00,NULL
623,133,Nguyễn Hải Cường,0693736681,customer133@example.com,3,1,Không có,1,2024-05-01 17:00:00,NULL
624,133,Nguyễn Hải Cường,0693736681,customer133@example.com,3,1,View đẹp,1,2024-03-16 17:00:00,NULL
625,133,Nguyễn Hải Cường,0693736681,customer133@example.com,3,0,View đẹp,1,2024-02-11 17:00:00,NULL
626,134,Phan Thu Mai,0347544667,customer134@example.com,1,1,Yên tĩnh,1,2024-03-01 17:00:00,NULL
627,134,Phan Thu Mai,0347544667,customer134@example.com,2,1,Phòng tầng cao,1,2024-08-18 17:00:00,NULL
628,134,Phan Thu Mai,0347544667,customer134@example.com,1,1,Không có,1,2024-03-17 17:00:00,NULL
629,134,Phan Thu Mai,0347544667,customer134@example.com,1,3,View đẹp,1,2024-01-24 17:00:00,NULL
630,134,Phan Thu Mai,0347544667,customer134@example.com,2,3,Phòng tầng cao,1,2024-07-13 17:00:00,NULL
631,134,Phan Thu Mai,0347544667,customer134@example.com,2,3,Phòng tầng cao,1,2024-01-05 17:00:00,NULL
632,134,Phan Thu Mai,0347544667,customer134@example.com,2,0,Yên tĩnh,1,2024-10-02 17:00:00,NULL
633,134,Phan Thu Mai,0347544667,customer134@example.com,2,0,Không có,1,2024-09-09 17:00:00,NULL
634,135,Nguyễn Thu Dũng,0664402683,customer135@example.com,1,0,Yên tĩnh,1,2024-08-22 17:00:00,NULL
635,135,Nguyễn Thu Dũng,0664402683,customer135@example.com,2,2,Không có,1,2024-03-12 17:00:00,NULL
636,135,Nguyễn Thu Dũng,0664402683,customer135@example.com,3,3,Không có,1,2024-10-11 17:00:00,NULL
637,135,Nguyễn Thu Dũng,0664402683,customer135@example.com,3,1,Phòng tầng cao,1,2024-09-04 17:00:00,NULL
638,135,Nguyễn Thu Dũng,0664402683,customer135@example.com,2,0,Phòng tầng cao,1,2024-09-07 17:00:00,NULL
639,135,Nguyễn Thu Dũng,0664402683,customer135@example.com,1,1,Không có,1,2024-05-12 17:00:00,NULL
640,135,Nguyễn Thu Dũng,0664402683,customer135@example.com,2,3,Yên tĩnh,1,2024-09-26 17:00:00,NULL
641,135,Nguyễn Thu Dũng,0664402683,customer135@example.com,3,0,View đẹp,1,2024-06-19 17:00:00,NULL
642,136,Phan Minh Trang,0585086208,customer136@example.com,1,0,Yên tĩnh,1,2024-10-29 17:00:00,NULL
643,136,Phan Minh Trang,0585086208,customer136@example.com,3,3,Không có,1,2024-07-22 17:00:00,NULL
644,136,Phan Minh Trang,0585086208,customer136@example.com,1,0,Không có,1,2024-04-09 17:00:00,NULL
645,136,Phan Minh Trang,0585086208,customer136@example.com,2,0,Phòng tầng cao,1,2024-02-03 17:00:00,NULL
646,136,Phan Minh Trang,0585086208,customer136@example.com,1,3,View đẹp,1,2024-05-10 17:00:00,NULL
647,136,Phan Minh Trang,0585086208,customer136@example.com,2,3,Yên tĩnh,1,2024-10-01 17:00:00,NULL
648,136,Phan Minh Trang,0585086208,customer136@example.com,2,1,Không có,1,2024-01-05 17:00:00,NULL
649,136,Phan Minh Trang,0585086208,customer136@example.com,1,2,Yên tĩnh,1,2024-07-27 17:00:00,NULL
650,136,Phan Minh Trang,0585086208,customer136@example.com,1,0,View đẹp,1,2024-07-10 17:00:00,NULL
651,136,Phan Minh Trang,0585086208,customer136@example.com,1,0,Yên tĩnh,1,2024-08-13 17:00:00,NULL
652,136,Phan Minh Trang,0585086208,customer136@example.com,3,1,Phòng tầng cao,1,2024-05-16 17:00:00,NULL
653,136,Phan Minh Trang,0585086208,customer136@example.com,2,0,Yên tĩnh,1,2024-11-24 17:00:00,NULL
654,136,Phan Minh Trang,0585086208,customer136@example.com,3,1,Không có,1,2024-11-07 17:00:00,NULL
655,136,Phan Minh Trang,0585086208,customer136@example.com,2,3,Phòng tầng cao,1,2024-10-10 17:00:00,NULL
656,137,Lê Minh Lan,0979395519,customer137@example.com,3,1,Yên tĩnh,1,2024-10-09 17:00:00,NULL
657,137,Lê Minh Lan,0979395519,customer137@example.com,2,3,Yên tĩnh,1,2024-10-24 17:00:00,NULL
658,137,Lê Minh Lan,0979395519,customer137@example.com,2,1,Không có,1,2024-10-06 17:00:00,NULL
659,137,Lê Minh Lan,0979395519,customer137@example.com,1,2,Yên tĩnh,1,2024-03-26 17:00:00,NULL
660,137,Lê Minh Lan,0979395519,customer137@example.com,3,0,Không có,1,2024-01-23 17:00:00,NULL
661,137,Lê Minh Lan,0979395519,customer137@example.com,2,1,Phòng tầng cao,1,2024-02-14 17:00:00,NULL
662,137,Lê Minh Lan,0979395519,customer137@example.com,2,0,View đẹp,1,2024-11-17 17:00:00,NULL
663,137,Lê Minh Lan,0979395519,customer137@example.com,3,0,Không có,1,2024-09-11 17:00:00,NULL
664,137,Lê Minh Lan,0979395519,customer137@example.com,3,0,Yên tĩnh,1,2024-11-19 17:00:00,NULL
665,137,Lê Minh Lan,0979395519,customer137@example.com,2,3,Phòng tầng cao,1,2024-07-15 17:00:00,NULL
666,137,Lê Minh Lan,0979395519,customer137@example.com,2,2,Không có,1,2024-01-21 17:00:00,NULL
667,137,Lê Minh Lan,0979395519,customer137@example.com,1,3,Phòng tầng cao,1,2024-06-13 17:00:00,NULL
668,137,Lê Minh Lan,0979395519,customer137@example.com,3,1,Không có,1,2024-08-22 17:00:00,NULL
669,137,Lê Minh Lan,0979395519,customer137@example.com,3,1,View đẹp,1,2024-10-21 17:00:00,NULL
670,137,Lê Minh Lan,0979395519,customer137@example.com,2,1,Không có,1,2024-11-01 17:00:00,NULL
671,137,Lê Minh Lan,0979395519,customer137@example.com,3,1,Phòng tầng cao,1,2024-08-15 17:00:00,NULL
672,137,Lê Minh Lan,0979395519,customer137@example.com,2,0,Không có,1,2024-05-25 17:00:00,NULL
673,137,Lê Minh Lan,0979395519,customer137@example.com,2,2,Không có,1,2024-11-24 17:00:00,NULL
674,137,Lê Minh Lan,0979395519,customer137@example.com,2,2,Yên tĩnh,1,2024-08-30 17:00:00,NULL
675,137,Lê Minh Lan,0979395519,customer137@example.com,3,2,View đẹp,1,2024-02-24 17:00:00,NULL
676,137,Lê Minh Lan,0979395519,customer137@example.com,3,1,Không có,1,2024-08-28 17:00:00,NULL
677,137,Lê Minh Lan,0979395519,customer137@example.com,1,0,Phòng tầng cao,1,2024-01-21 17:00:00,NULL
678,137,Lê Minh Lan,0979395519,customer137@example.com,1,0,Không có,1,2024-11-09 17:00:00,NULL
679,137,Lê Minh Lan,0979395519,customer137@example.com,3,0,Phòng tầng cao,1,2024-10-06 17:00:00,NULL
680,137,Lê Minh Lan,0979395519,customer137@example.com,3,0,Không có,1,2024-02-26 17:00:00,NULL
681,138,Phạm Hải Dũng,0778048718,customer138@example.com,2,3,Phòng tầng cao,1,2024-04-21 17:00:00,NULL
682,138,Phạm Hải Dũng,0778048718,customer138@example.com,2,1,Yên tĩnh,1,2024-05-24 17:00:00,NULL
683,138,Phạm Hải Dũng,0778048718,customer138@example.com,2,0,Yên tĩnh,1,2024-09-24 17:00:00,NULL
684,138,Phạm Hải Dũng,0778048718,customer138@example.com,2,1,Phòng tầng cao,1,2024-09-16 17:00:00,NULL
685,138,Phạm Hải Dũng,0778048718,customer138@example.com,1,3,Yên tĩnh,1,2024-11-04 17:00:00,NULL
686,138,Phạm Hải Dũng,0778048718,customer138@example.com,3,1,Phòng tầng cao,1,2024-10-17 17:00:00,NULL
687,138,Phạm Hải Dũng,0778048718,customer138@example.com,2,3,Yên tĩnh,1,2024-03-22 17:00:00,NULL
688,139,Trần Thanh Anh,0631370133,customer139@example.com,1,0,View đẹp,1,2024-06-25 17:00:00,NULL
689,139,Trần Thanh Anh,0631370133,customer139@example.com,2,3,View đẹp,1,2024-02-22 17:00:00,NULL
690,139,Trần Thanh Anh,0631370133,customer139@example.com,2,2,Không có,1,2024-10-05 17:00:00,NULL
691,139,Trần Thanh Anh,0631370133,customer139@example.com,3,0,Không có,1,2024-10-18 17:00:00,NULL
692,139,Trần Thanh Anh,0631370133,customer139@example.com,3,1,View đẹp,1,2024-11-09 17:00:00,NULL
693,139,Trần Thanh Anh,0631370133,customer139@example.com,1,3,Không có,1,2024-10-23 17:00:00,NULL
694,139,Trần Thanh Anh,0631370133,customer139@example.com,1,0,Phòng tầng cao,1,2024-08-12 17:00:00,NULL
695,139,Trần Thanh Anh,0631370133,customer139@example.com,2,3,Không có,1,2024-10-10 17:00:00,NULL
696,139,Trần Thanh Anh,0631370133,customer139@example.com,3,1,Yên tĩnh,1,2024-05-31 17:00:00,NULL
697,139,Trần Thanh Anh,0631370133,customer139@example.com,3,0,Phòng tầng cao,1,2024-01-30 17:00:00,NULL
698,140,Đặng Minh Trang,0581981474,customer140@example.com,3,3,Không có,1,2024-02-17 17:00:00,NULL
699,140,Đặng Minh Trang,0581981474,customer140@example.com,3,0,Phòng tầng cao,1,2024-02-28 17:00:00,NULL
700,140,Đặng Minh Trang,0581981474,customer140@example.com,1,0,Phòng tầng cao,1,2024-03-24 17:00:00,NULL
701,140,Đặng Minh Trang,0581981474,customer140@example.com,3,0,View đẹp,1,2024-11-03 17:00:00,NULL
702,140,Đặng Minh Trang,0581981474,customer140@example.com,1,1,Phòng tầng cao,1,2024-07-07 17:00:00,NULL
703,140,Đặng Minh Trang,0581981474,customer140@example.com,1,3,View đẹp,1,2024-06-25 17:00:00,NULL
704,140,Đặng Minh Trang,0581981474,customer140@example.com,1,2,Phòng tầng cao,1,2024-05-15 17:00:00,NULL
705,140,Đặng Minh Trang,0581981474,customer140@example.com,2,3,View đẹp,1,2024-08-22 17:00:00,NULL
706,140,Đặng Minh Trang,0581981474,customer140@example.com,3,2,Không có,1,2024-01-15 17:00:00,NULL
707,140,Đặng Minh Trang,0581981474,customer140@example.com,3,0,Yên tĩnh,1,2024-02-09 17:00:00,NULL
708,140,Đặng Minh Trang,0581981474,customer140@example.com,3,3,Phòng tầng cao,1,2024-05-13 17:00:00,NULL
709,141,Võ Thu Linh,0616223285,customer141@example.com,1,2,Không có,1,2024-06-18 17:00:00,NULL
710,141,Võ Thu Linh,0616223285,customer141@example.com,1,1,Không có,1,2024-05-09 17:00:00,NULL
711,141,Võ Thu Linh,0616223285,customer141@example.com,1,1,Yên tĩnh,1,2024-08-28 17:00:00,NULL
712,141,Võ Thu Linh,0616223285,customer141@example.com,2,2,Phòng tầng cao,1,2024-06-02 17:00:00,NULL
713,141,Võ Thu Linh,0616223285,customer141@example.com,3,2,View đẹp,1,2024-01-18 17:00:00,NULL
714,141,Võ Thu Linh,0616223285,customer141@example.com,3,2,View đẹp,1,2024-01-12 17:00:00,NULL
715,142,Đặng Thanh Linh,0353838324,customer142@example.com,1,3,Không có,1,2024-02-01 17:00:00,NULL
716,142,Đặng Thanh Linh,0353838324,customer142@example.com,1,2,Không có,1,2024-09-13 17:00:00,NULL
717,142,Đặng Thanh Linh,0353838324,customer142@example.com,3,0,Yên tĩnh,1,2024-03-06 17:00:00,NULL
718,142,Đặng Thanh Linh,0353838324,customer142@example.com,3,3,Yên tĩnh,1,2024-04-19 17:00:00,NULL
719,142,Đặng Thanh Linh,0353838324,customer142@example.com,1,3,Phòng tầng cao,1,2024-06-04 17:00:00,NULL
720,143,Huỳnh Thanh Mai,0482401394,customer143@example.com,3,2,Không có,1,2024-05-22 17:00:00,NULL
721,143,Huỳnh Thanh Mai,0482401394,customer143@example.com,1,3,Không có,1,2024-07-20 17:00:00,NULL
722,143,Huỳnh Thanh Mai,0482401394,customer143@example.com,1,3,View đẹp,1,2024-04-09 17:00:00,NULL
723,143,Huỳnh Thanh Mai,0482401394,customer143@example.com,3,1,Không có,1,2024-03-21 17:00:00,NULL
724,143,Huỳnh Thanh Mai,0482401394,customer143@example.com,3,0,Yên tĩnh,1,2024-09-23 17:00:00,NULL
725,143,Huỳnh Thanh Mai,0482401394,customer143@example.com,3,0,Không có,1,2024-04-30 17:00:00,NULL
726,143,Huỳnh Thanh Mai,0482401394,customer143@example.com,3,3,Phòng tầng cao,1,2024-05-12 17:00:00,NULL
727,143,Huỳnh Thanh Mai,0482401394,customer143@example.com,1,2,Yên tĩnh,1,2024-11-11 17:00:00,NULL
728,143,Huỳnh Thanh Mai,0482401394,customer143@example.com,2,3,View đẹp,1,2024-09-16 17:00:00,NULL
729,143,Huỳnh Thanh Mai,0482401394,customer143@example.com,1,1,View đẹp,1,2024-05-08 17:00:00,NULL
730,143,Huỳnh Thanh Mai,0482401394,customer143@example.com,2,1,View đẹp,1,2024-02-26 17:00:00,NULL
731,143,Huỳnh Thanh Mai,0482401394,customer143@example.com,1,1,Không có,1,2024-11-24 17:00:00,NULL
732,144,Huỳnh Hải Dũng,0349802034,customer144@example.com,2,0,View đẹp,1,2024-08-28 17:00:00,NULL
733,144,Huỳnh Hải Dũng,0349802034,customer144@example.com,3,1,Yên tĩnh,1,2024-06-12 17:00:00,NULL
734,144,Huỳnh Hải Dũng,0349802034,customer144@example.com,1,3,Không có,1,2024-01-21 17:00:00,NULL
735,144,Huỳnh Hải Dũng,0349802034,customer144@example.com,2,0,Không có,1,2024-05-29 17:00:00,NULL
736,144,Huỳnh Hải Dũng,0349802034,customer144@example.com,3,2,View đẹp,1,2024-11-06 17:00:00,NULL
737,144,Huỳnh Hải Dũng,0349802034,customer144@example.com,1,3,Phòng tầng cao,1,2024-09-24 17:00:00,NULL
738,144,Huỳnh Hải Dũng,0349802034,customer144@example.com,3,2,Yên tĩnh,1,2024-02-10 17:00:00,NULL
739,145,Trần Minh Hùng,0788696640,customer145@example.com,3,0,Phòng tầng cao,1,2024-02-28 17:00:00,NULL
740,145,Trần Minh Hùng,0788696640,customer145@example.com,2,0,Phòng tầng cao,1,2024-02-18 17:00:00,NULL
741,145,Trần Minh Hùng,0788696640,customer145@example.com,1,3,View đẹp,1,2024-02-19 17:00:00,NULL
742,145,Trần Minh Hùng,0788696640,customer145@example.com,3,1,Không có,1,2024-11-14 17:00:00,NULL
743,145,Trần Minh Hùng,0788696640,customer145@example.com,1,1,Yên tĩnh,1,2024-06-19 17:00:00,NULL
744,145,Trần Minh Hùng,0788696640,customer145@example.com,2,2,Không có,1,2024-08-22 17:00:00,NULL
745,145,Trần Minh Hùng,0788696640,customer145@example.com,3,3,View đẹp,1,2024-04-29 17:00:00,NULL
746,145,Trần Minh Hùng,0788696640,customer145@example.com,2,0,Phòng tầng cao,1,2024-08-26 17:00:00,NULL
747,146,Vũ Thị Bình,0722032615,customer146@example.com,1,2,Không có,1,2024-08-24 17:00:00,NULL
748,146,Vũ Thị Bình,0722032615,customer146@example.com,1,1,View đẹp,1,2024-08-09 17:00:00,NULL
749,146,Vũ Thị Bình,0722032615,customer146@example.com,3,3,Yên tĩnh,1,2024-07-27 17:00:00,NULL
750,146,Vũ Thị Bình,0722032615,customer146@example.com,3,3,Phòng tầng cao,1,2024-10-10 17:00:00,NULL
751,146,Vũ Thị Bình,0722032615,customer146@example.com,1,3,Phòng tầng cao,1,2024-01-31 17:00:00,NULL
752,147,Vũ Thị Bình,0896494075,customer147@example.com,3,1,Yên tĩnh,1,2024-05-05 17:00:00,NULL
753,147,Vũ Thị Bình,0896494075,customer147@example.com,2,0,Phòng tầng cao,1,2024-08-13 17:00:00,NULL
754,147,Vũ Thị Bình,0896494075,customer147@example.com,2,0,Không có,1,2024-03-13 17:00:00,NULL
755,147,Vũ Thị Bình,0896494075,customer147@example.com,2,3,View đẹp,1,2024-03-13 17:00:00,NULL
756,147,Vũ Thị Bình,0896494075,customer147@example.com,2,1,Phòng tầng cao,1,2024-10-20 17:00:00,NULL
757,147,Vũ Thị Bình,0896494075,customer147@example.com,2,1,Phòng tầng cao,1,2024-05-01 17:00:00,NULL
758,148,Lê Thị Linh,0792096763,customer148@example.com,2,1,Yên tĩnh,1,2024-11-22 17:00:00,NULL
759,148,Lê Thị Linh,0792096763,customer148@example.com,3,2,View đẹp,1,2024-07-08 17:00:00,NULL
760,148,Lê Thị Linh,0792096763,customer148@example.com,3,0,Yên tĩnh,1,2024-01-15 17:00:00,NULL
761,148,Lê Thị Linh,0792096763,customer148@example.com,1,0,Yên tĩnh,1,2024-08-02 17:00:00,NULL
762,148,Lê Thị Linh,0792096763,customer148@example.com,3,0,Không có,1,2024-10-11 17:00:00,NULL
763,148,Lê Thị Linh,0792096763,customer148@example.com,3,2,View đẹp,1,2024-07-14 17:00:00,NULL
764,148,Lê Thị Linh,0792096763,customer148@example.com,3,0,Không có,1,2024-10-16 17:00:00,NULL
765,148,Lê Thị Linh,0792096763,customer148@example.com,1,1,Phòng tầng cao,1,2024-10-15 17:00:00,NULL
766,148,Lê Thị Linh,0792096763,customer148@example.com,2,3,Yên tĩnh,1,2024-03-27 17:00:00,NULL
767,148,Lê Thị Linh,0792096763,customer148@example.com,2,0,Không có,1,2024-10-22 17:00:00,NULL
768,148,Lê Thị Linh,0792096763,customer148@example.com,2,2,Phòng tầng cao,1,2024-11-17 17:00:00,NULL
769,148,Lê Thị Linh,0792096763,customer148@example.com,2,3,View đẹp,1,2024-09-15 17:00:00,NULL
770,149,Phan Văn Dũng,0791889303,customer149@example.com,2,1,Yên tĩnh,1,2024-05-13 17:00:00,NULL
771,149,Phan Văn Dũng,0791889303,customer149@example.com,3,3,Yên tĩnh,1,2024-09-01 17:00:00,NULL
772,149,Phan Văn Dũng,0791889303,customer149@example.com,2,3,Yên tĩnh,1,2024-02-15 17:00:00,NULL
773,149,Phan Văn Dũng,0791889303,customer149@example.com,1,1,Không có,1,2024-01-24 17:00:00,NULL
774,149,Phan Văn Dũng,0791889303,customer149@example.com,2,1,Phòng tầng cao,1,2024-07-12 17:00:00,NULL
775,149,Phan Văn Dũng,0791889303,customer149@example.com,3,1,Phòng tầng cao,1,2024-05-15 17:00:00,NULL
1000,395,Võ Đức Mai,891916368,voducmai149@outlook.com,3,3,Không có,1,2024-06-10 17:00:00,NULL
1001,356,Bùi Hoàng Long,706936666,buihoanglong345@gmail.com,3,0,Không có,1,2024-02-20 17:00:00,NULL
1002,312,Dương Hải Lan,627696198,duonghailan841@yahoo.com,2,0,Không có,1,2024-06-21 17:00:00,NULL
1003,119,Ngô Văn Hùng,762446417,ngovanhung368@hotmail.com,1,0,Không có,1,2024-08-14 17:00:00,NULL
1004,95,Võ Minh Mai,799561877,vominhmai262@gmail.com,2,3,Không có,1,2024-11-12 17:00:00,NULL
1005,336,Vũ Văn Dũng,751125671,vuvandung399@vku.udn.vn,1,3,Không có,1,2024-02-23 17:00:00,NULL
1006,120,Ngô Hải Anh,441102355,ngohaianh594@hotmail.com,1,0,Không có,1,2024-12-12 17:00:00,NULL
1007,254,Phan Minh Cường,531191390,phanminhcuong981@hotmail.com,1,1,Không có,1,2024-03-12 17:00:00,NULL
1008,293,Trần Đức Linh,428727266,tranduclinh965@vku.udn.vn,3,1,Không có,1,2024-01-12 17:00:00,NULL
1009,257,Lý Thanh Trang,506468299,lythanhtrang722@gmail.com,1,1,Không có,1,2024-01-19 17:00:00,NULL
1010,311,Ngô Thị Linh,341580226,ngothilinh880@outlook.com,3,3,Không có,1,2024-08-14 17:00:00,NULL
1011,286,Phạm Thị Mai,890907304,phamthimai101@gmail.com,2,0,Không có,1,2024-08-19 17:00:00,NULL
1012,392,Đỗ Hoàng Phong,556943695,dohoangphong727@yahoo.com,1,0,Không có,1,2024-06-16 17:00:00,NULL
1013,268,Đặng Minh Nga,312327652,dangminhnga697@gmail.com,2,0,Không có,1,2024-03-04 17:00:00,NULL
1014,337,Dương Hoàng Linh,812153089,duonghoanglinh7@hotmail.com,1,0,Không có,1,2024-08-05 17:00:00,NULL
1015,335,Hồ Đức Bình,745461013,hoducbinh418@hotmail.com,2,1,Không có,1,2024-12-24 17:00:00,NULL
1016,345,Ngô Văn Phong,333318206,ngovanphong973@yahoo.com,3,0,Không có,1,2024-08-08 17:00:00,NULL
1017,398,Dương Hữu Mai,878296492,duonghuumai496@hotmail.com,2,2,Không có,1,2024-04-23 17:00:00,NULL
1018,17,Lê Văn Bình,530997172,levanbinh765@vku.udn.vn,2,1,Không có,1,2024-06-27 17:00:00,NULL
1019,335,Hồ Đức Bình,745461013,hoducbinh418@hotmail.com,3,0,Không có,1,2024-06-14 17:00:00,NULL
1020,113,Phạm Quốc Trang,519497661,phamquoctrang57@gmail.com,2,0,Không có,1,2024-02-25 17:00:00,NULL
1021,64,Vũ Văn Linh,383604337,vuvanlinh20@outlook.com,2,2,Không có,1,2024-03-06 17:00:00,NULL
1022,338,Dương Quốc Nga,886405096,duongquocnga820@vku.udn.vn,3,0,Không có,1,2024-05-03 17:00:00,NULL
1023,78,Ngô Hải Mai,922199123,ngohaimai773@vku.udn.vn,2,3,Không có,1,2024-04-10 17:00:00,NULL
1024,334,Lý Thu Bình,448578017,lythubinh155@yahoo.com,3,2,Không có,1,2024-02-08 17:00:00,NULL
1025,24,Ngô Thanh Nam,993773681,ngothanhnam87@vku.udn.vn,1,0,Không có,1,2024-11-04 17:00:00,NULL
1026,371,Ngô Hoàng Hùng,391462297,ngohoanghung255@gmail.com,3,3,Không có,1,2024-07-08 17:00:00,NULL
1027,273,Phan Hải Anh,420117054,phanhaianh952@hotmail.com,3,1,Không có,1,2024-06-06 17:00:00,NULL
1028,372,Bùi Hoàng Phong,964021648,buihoangphong232@vku.udn.vn,2,0,Không có,1,2024-01-09 17:00:00,NULL
1029,118,Lê Hữu Cường,477746324,lehuucuong852@vku.udn.vn,3,1,Không có,1,2024-09-15 17:00:00,NULL
1030,122,Đặng Thu Linh,514423806,dangthulinh990@yahoo.com,3,0,Không có,1,2024-04-08 17:00:00,NULL
1031,386,Phan Quốc Lan,644733679,phanquoclan687@gmail.com,1,0,Không có,1,2024-02-11 17:00:00,NULL
1032,281,Đặng Đức Hùng,821209849,dangduchung220@vku.udn.vn,1,3,Không có,1,2024-04-29 17:00:00,NULL
1033,332,Hoàng Đức Hạnh,984683755,hoangduchanh284@vku.udn.vn,2,0,Không có,1,2024-10-06 17:00:00,NULL
1034,337,Dương Hoàng Linh,812153089,duonghoanglinh7@hotmail.com,1,2,Không có,1,2024-11-18 17:00:00,NULL
1035,37,Phan Thị Lan,924813934,phanthilan247@gmail.com,3,0,Không có,1,2024-08-27 17:00:00,NULL
1036,71,Hồ Hải Anh,347036629,hohaianh301@yahoo.com,1,0,Không có,1,2024-12-15 17:00:00,NULL
1037,149,Lý Quốc Lan,832794158,lyquoclan998@yahoo.com,3,1,Không có,1,2024-03-03 17:00:00,NULL
1038,55,Võ Văn Nam,960191749,vovannam891@hotmail.com,2,0,Không có,1,2024-11-03 17:00:00,NULL
1039,32,Ngô Thanh Lan,334773472,ngothanhlan393@vku.udn.vn,3,0,Không có,1,2024-01-15 17:00:00,NULL
1040,330,Ngô Hải Long,870298515,ngohailong573@vku.udn.vn,3,0,Không có,1,2024-07-21 17:00:00,NULL
1041,390,Bùi Hải Long,774637858,buihailong779@gmail.com,2,0,Không có,1,2024-11-08 17:00:00,NULL
1042,330,Ngô Hải Long,870298515,ngohailong573@vku.udn.vn,2,2,Không có,1,2024-10-07 17:00:00,NULL
1043,117,Trần Minh Linh,864461415,tranminhlinh735@outlook.com,2,1,Không có,1,2024-01-13 17:00:00,NULL
1044,367,Lê Minh Anh,358546865,leminhanh567@hotmail.com,1,0,Không có,1,2024-08-08 17:00:00,NULL
1045,385,Lý Minh Cường,928492896,lyminhcuong447@outlook.com,3,2,Không có,1,2024-09-13 17:00:00,NULL
1046,275,Dương Thị Phong,871988889,duongthiphong785@yahoo.com,3,2,Không có,1,2024-11-28 17:00:00,NULL
1047,33,Hồ Thanh Linh,852955706,hothanhlinh134@hotmail.com,3,0,Không có,1,2024-08-24 17:00:00,NULL
1048,317,Phạm Minh Anh,768213197,phamminhanh2@vku.udn.vn,2,1,Không có,1,2024-04-06 17:00:00,NULL
1049,7,Bùi Thu Dũng,609883716,buithudung372@vku.udn.vn,1,1,Không có,1,2024-07-05 17:00:00,NULL
1050,388,Trần Thanh Hùng,647112584,tranthanhhung119@outlook.com,3,1,Không có,1,2024-09-12 17:00:00,NULL
1051,79,Võ Văn Lan,747256709,vovanlan340@gmail.com,3,0,Không có,1,2024-03-23 17:00:00,NULL
1052,399,Ngô Thu Linh,788922557,ngothulinh956@hotmail.com,3,3,Không có,1,2024-03-27 17:00:00,NULL
1053,59,Hồ Hữu Nga,649019278,hohuunga213@vku.udn.vn,3,1,Không có,1,2024-07-29 17:00:00,NULL
1054,350,Trần Minh Hạnh,944687060,tranminhhanh825@gmail.com,2,0,Không có,1,2024-05-31 17:00:00,NULL
1055,134,Nguyễn Thu Dũng,356361897,nguyenthudung654@yahoo.com,1,1,Không có,1,2024-10-13 17:00:00,NULL
1056,272,Lê Thanh Phong,473461957,lethanhphong553@vku.udn.vn,3,0,Không có,1,2024-10-07 17:00:00,NULL
1057,33,Ngô Hải Cường,340229006,ngohaicuong960@hotmail.com,1,0,Không có,1,2024-03-29 17:00:00,NULL
1058,393,Nguyễn Thu Linh,400082623,nguyenthulinh231@gmail.com,1,3,Không có,1,2024-03-08 17:00:00,NULL
1059,393,Nguyễn Thu Linh,400082623,nguyenthulinh231@gmail.com,2,0,Không có,1,2024-02-13 17:00:00,NULL
1060,396,Đặng Hữu Hạnh,374958005,danghuuhanh283@outlook.com,3,2,Không có,1,2024-01-31 17:00:00,NULL
1061,262,Dương Văn Dũng,334467368,duongvandung825@hotmail.com,3,2,Không có,1,2024-04-21 17:00:00,NULL
1062,344,Võ Văn Nam,879196799,vovannam54@hotmail.com,3,0,Không có,1,2024-12-13 17:00:00,NULL
1063,369,Võ Thanh Cường,355165334,vothanhcuong259@outlook.com,3,1,Không có,1,2024-02-15 17:00:00,NULL
1064,40,Ngô Quốc Lan,781613078,ngoquoclan913@outlook.com,2,1,Không có,1,2024-02-04 17:00:00,NULL
1065,117,Võ Thanh Cường,421166014,vothanhcuong283@yahoo.com,1,3,Không có,1,2024-12-09 17:00:00,NULL
1066,128,Phạm Minh Hương,537342839,phamminhhuong147@vku.udn.vn,2,0,Không có,1,2024-01-28 17:00:00,NULL
1067,143,Đỗ Quốc Phong,747025173,doquocphong538@hotmail.com,2,0,Không có,1,2024-11-15 17:00:00,NULL
1068,340,Hồ Hữu Hạnh,801856351,hohuuhanh942@yahoo.com,2,3,Không có,1,2024-10-11 17:00:00,NULL
1069,296,Đỗ Minh Mai,639492674,dominhmai952@gmail.com,1,3,Không có,1,2024-09-01 17:00:00,NULL
1070,297,Bùi Hoàng Bình,378663096,buihoangbinh551@yahoo.com,1,0,Không có,1,2024-05-12 17:00:00,NULL
1071,254,Phan Minh Cường,531191390,phanminhcuong981@hotmail.com,2,0,Không có,1,2024-09-11 17:00:00,NULL
1072,283,Trần Quốc Lan,754814084,tranquoclan421@outlook.com,2,0,Không có,1,2024-09-24 17:00:00,NULL
1073,121,Nguyễn Văn Nga,312724887,nguyenvannga565@outlook.com,1,2,Không có,1,2024-04-20 17:00:00,NULL
1074,377,Hoàng Minh Nam,787512424,hoangminhnam73@yahoo.com,2,1,Không có,1,2024-02-23 17:00:00,NULL
1075,338,Dương Quốc Nga,886405096,duongquocnga820@vku.udn.vn,2,1,Không có,1,2024-12-15 17:00:00,NULL
1076,51,Lý Thu Trang,492580427,lythutrang674@gmail.com,2,0,Không có,1,2024-12-19 17:00:00,NULL
1077,76,Ngô Hữu Phong,837722224,ngohuuphong706@gmail.com,3,0,Không có,1,2024-10-14 17:00:00,NULL
1078,98,Hồ Quốc Lan,398269319,hoquoclan370@gmail.com,1,0,Không có,1,2024-12-30 17:00:00,NULL
1079,55,Vũ Quốc Phong,560642799,vuquocphong87@vku.udn.vn,3,2,Không có,1,2024-10-31 17:00:00,NULL
1080,89,Hoàng Quốc Hùng,687754927,hoangquochung496@gmail.com,2,0,Không có,1,2024-06-02 17:00:00,NULL
1081,384,Bùi Văn Phong,488109614,buivanphong482@vku.udn.vn,3,1,Không có,1,2024-08-11 17:00:00,NULL
1082,40,Bùi Thị Bình,681187819,buithibinh788@yahoo.com,1,3,Không có,1,2024-09-29 17:00:00,NULL
1083,57,Ngô Hoàng Nam,670405910,ngohoangnam513@yahoo.com,1,1,Không có,1,2024-09-17 17:00:00,NULL
1084,52,Dương Thanh Long,561899532,duongthanhlong112@yahoo.com,3,0,Không có,1,2024-02-03 17:00:00,NULL
1085,322,Hoàng Minh Dũng,761588882,hoangminhdung805@vku.udn.vn,2,0,Không có,1,2024-05-21 17:00:00,NULL
1086,303,Hoàng Văn Bình,981057736,hoangvanbinh434@hotmail.com,2,0,Không có,1,2024-12-09 17:00:00,NULL
1087,125,Vũ Hữu Mai,992842747,vuhuumai651@vku.udn.vn,1,2,Không có,1,2024-12-20 17:00:00,NULL
1088,7,Hồ Hải Mai,907091264,hohaimai172@gmail.com,1,0,Không có,1,2024-10-13 17:00:00,NULL
1089,384,Bùi Văn Phong,488109614,buivanphong482@vku.udn.vn,3,0,Không có,1,2024-10-04 17:00:00,NULL
1090,281,Đặng Đức Hùng,821209849,dangduchung220@vku.udn.vn,3,0,Không có,1,2024-04-16 17:00:00,NULL
1091,108,Lý Thị Cường,363657733,lythicuong986@outlook.com,2,3,Không có,1,2024-06-13 17:00:00,NULL
1092,334,Lý Thu Bình,448578017,lythubinh155@yahoo.com,2,0,Không có,1,2024-09-19 17:00:00,NULL
1093,376,Nguyễn Quốc Mai,937599912,nguyenquocmai482@hotmail.com,3,0,Không có,1,2024-09-09 17:00:00,NULL
1094,11,Dương Minh Bình,568853440,duongminhbinh671@hotmail.com,1,0,Không có,1,2024-04-12 17:00:00,NULL
1095,87,Võ Thị Cường,857749020,vothicuong608@yahoo.com,3,1,Không có,1,2024-08-06 17:00:00,NULL
1096,120,Trần Thu Trang,997953888,tranthutrang9@vku.udn.vn,1,1,Không có,1,2024-06-08 17:00:00,NULL
1097,329,Võ Văn Nga,567574609,vovannga940@gmail.com,1,0,Không có,1,2024-10-27 17:00:00,NULL
1098,300,Nguyễn Thu Hùng,411225158,nguyenthuhung962@yahoo.com,3,1,Không có,1,2024-09-26 17:00:00,NULL
1099,290,Lê Đức Hùng,533754555,leduchung992@gmail.com,1,1,Không có,1,2024-02-06 17:00:00,NULL
1100,308,Đỗ Thị Lan,901170349,dothilan906@outlook.com,3,0,Không có,1,2024-05-21 17:00:00,NULL
1101,303,Hoàng Văn Bình,981057736,hoangvanbinh434@hotmail.com,3,2,Không có,1,2024-01-29 17:00:00,NULL
1102,92,Phan Hữu Nam,426762436,phanhuunam800@hotmail.com,1,0,Không có,1,2024-03-23 17:00:00,NULL
1103,142,Lê Minh Phong,423838514,leminhphong106@vku.udn.vn,1,3,Không có,1,2024-09-10 17:00:00,NULL
1104,363,Hoàng Minh Hùng,547538338,hoangminhhung124@yahoo.com,1,0,Không có,1,2024-07-04 17:00:00,NULL
1105,266,Đặng Hải Bình,350590821,danghaibinh882@gmail.com,1,1,Không có,1,2024-09-13 17:00:00,NULL
1106,47,Phan Hoàng Mai,886863518,phanhoangmai792@yahoo.com,1,0,Không có,1,2024-04-11 17:00:00,NULL
1107,295,Phan Minh Dũng,637352358,phanminhdung245@hotmail.com,1,0,Không có,1,2024-08-01 17:00:00,NULL
1108,293,Trần Đức Linh,428727266,tranduclinh965@vku.udn.vn,3,0,Không có,1,2024-09-14 17:00:00,NULL
1109,142,Phan Quốc Bình,522947698,phanquocbinh549@hotmail.com,2,0,Không có,1,2024-10-25 17:00:00,NULL
1110,340,Hồ Hữu Hạnh,801856351,hohuuhanh942@yahoo.com,1,3,Không có,1,2024-12-16 17:00:00,NULL
1111,365,Hồ Hoàng Phong,863324548,hohoangphong612@hotmail.com,2,0,Không có,1,2024-03-29 17:00:00,NULL
1112,74,Lý Thị Anh,993623149,lythianh67@yahoo.com,2,0,Không có,1,2024-03-06 17:00:00,NULL
1113,305,Đặng Văn Bình,380792472,dangvanbinh968@yahoo.com,2,0,Không có,1,2024-03-28 17:00:00,NULL
1114,20,Lê Quốc Dũng,567520363,lequocdung659@vku.udn.vn,3,2,Không có,1,2024-07-28 17:00:00,NULL
1115,141,Trần Đức Long,873044801,tranduclong247@hotmail.com,3,0,Không có,1,2024-05-22 17:00:00,NULL
1116,91,Dương Hải Nga,826602103,duonghainga317@yahoo.com,1,0,Không có,1,2024-10-28 17:00:00,NULL
1117,31,Phan Hữu Hương,363947730,phanhuuhuong822@hotmail.com,1,0,Không có,1,2024-09-25 17:00:00,NULL
1118,268,Đặng Minh Nga,312327652,dangminhnga697@gmail.com,3,2,Không có,1,2024-11-27 17:00:00,NULL
1119,253,Vũ Đức Mai,932719211,vuducmai285@gmail.com,2,0,Không có,1,2024-10-16 17:00:00,NULL
1120,331,Bùi Thu Linh,888273030,buithulinh457@yahoo.com,2,3,Không có,1,2024-06-27 17:00:00,NULL
1121,348,Ngô Hữu Hùng,416070149,ngohuuhung593@gmail.com,2,0,Không có,1,2024-01-17 17:00:00,NULL
1122,85,Bùi Quốc Cường,655510103,buiquoccuong55@gmail.com,1,0,Không có,1,2024-10-30 17:00:00,NULL
1123,52,Dương Hoàng Mai,327633490,duonghoangmai205@gmail.com,1,0,Không có,1,2024-03-18 17:00:00,NULL
1124,252,Phạm Đức Nga,946412689,phamducnga28@vku.udn.vn,3,2,Không có,1,2024-07-21 17:00:00,NULL
1125,301,Lý Thị Nam,894019365,lythinam160@hotmail.com,1,0,Không có,1,2024-04-04 17:00:00,NULL
1126,119,Hoàng Thị Linh,839127345,hoangthilinh925@gmail.com,3,2,Không có,1,2024-09-30 17:00:00,NULL
1127,78,Đỗ Quốc Dũng,938927559,doquocdung843@yahoo.com,2,0,Không có,1,2024-04-17 17:00:00,NULL
1128,37,Ngô Quốc Bình,459128258,ngoquocbinh425@yahoo.com,3,2,Không có,1,2024-05-20 17:00:00,NULL
1129,54,Nguyễn Hữu Hùng,963834967,nguyenhuuhung413@yahoo.com,3,3,Không có,1,2024-09-30 17:00:00,NULL
1130,140,Lê Minh Nam,589287503,leminhnam454@hotmail.com,3,1,Không có,1,2024-06-07 17:00:00,NULL
1131,31,Phạm Đức Hạnh,335509761,phamduchanh60@yahoo.com,2,0,Không có,1,2024-12-28 17:00:00,NULL
1132,291,Nguyễn Thanh Anh,353839920,nguyenthanhanh599@outlook.com,2,2,Không có,1,2024-12-13 17:00:00,NULL
1133,300,Nguyễn Thu Hùng,411225158,nguyenthuhung962@yahoo.com,3,0,Không có,1,2024-04-22 17:00:00,NULL
1134,7,Lý Quốc Hạnh,570581558,lyquochanh358@outlook.com,1,1,Không có,1,2024-04-23 17:00:00,NULL
1135,58,Lê Thu Phong,944280854,lethuphong247@gmail.com,2,3,Không có,1,2024-11-22 17:00:00,NULL
1136,116,Trần Hải Cường,900255667,tranhaicuong759@hotmail.com,1,3,Không có,1,2024-09-15 17:00:00,NULL
1137,253,Vũ Đức Mai,932719211,vuducmai285@gmail.com,1,3,Không có,1,2024-11-19 17:00:00,NULL
1138,394,Đỗ Hữu Mai,613383963,dohuumai522@hotmail.com,3,0,Không có,1,2024-02-10 17:00:00,NULL
1139,347,Võ Minh Phong,696098177,vominhphong172@vku.udn.vn,3,0,Không có,1,2024-07-09 17:00:00,NULL
1140,360,Đỗ Hải Mai,318514813,dohaimai96@hotmail.com,3,0,Không có,1,2024-05-31 17:00:00,NULL
1141,14,Bùi Văn Trang,321197567,buivantrang50@gmail.com,1,3,Không có,1,2024-12-29 17:00:00,NULL
1142,108,Dương Thị Nga,426416530,duongthinga737@vku.udn.vn,2,0,Không có,1,2024-12-04 17:00:00,NULL
1143,312,Dương Hải Lan,627696198,duonghailan841@yahoo.com,3,0,Không có,1,2024-04-15 17:00:00,NULL
1144,396,Đặng Hữu Hạnh,374958005,danghuuhanh283@outlook.com,2,0,Không có,1,2024-02-20 17:00:00,NULL
1145,51,Phan Thanh Cường,729765405,phanthanhcuong117@outlook.com,2,0,Không có,1,2024-06-16 17:00:00,NULL
1146,88,Bùi Quốc Phong,330941191,buiquocphong368@vku.udn.vn,3,3,Không có,1,2024-02-22 17:00:00,NULL
1147,26,Đỗ Đức Mai,459616499,doducmai355@outlook.com,3,2,Không có,1,2024-12-07 17:00:00,NULL
1148,145,Trần Hải Mai,834050562,tranhaimai324@gmail.com,3,3,Không có,1,2024-07-24 17:00:00,NULL
1149,12,Phan Thanh Hạnh,787972689,phanthanhhanh56@yahoo.com,2,2,Không có,1,2024-02-15 17:00:00,NULL
1150,334,Lý Thu Bình,448578017,lythubinh155@yahoo.com,1,0,Không có,1,2024-06-29 17:00:00,NULL
1151,99,Lý Hoàng Bình,791116494,lyhoangbinh791@outlook.com,3,2,Không có,1,2024-04-06 17:00:00,NULL
1152,5,Trần Quốc Long,645577110,tranquoclong615@vku.udn.vn,3,1,Không có,1,2024-10-25 17:00:00,NULL
1153,386,Phan Quốc Lan,644733679,phanquoclan687@gmail.com,3,3,Không có,1,2024-12-16 17:00:00,NULL
1154,268,Đặng Minh Nga,312327652,dangminhnga697@gmail.com,3,0,Không có,1,2024-12-10 17:00:00,NULL
1155,15,Dương Văn Nam,519044298,duongvannam804@hotmail.com,3,0,Không có,1,2024-04-11 17:00:00,NULL
1156,286,Phạm Thị Mai,890907304,phamthimai101@gmail.com,2,1,Không có,1,2024-04-30 17:00:00,NULL
1157,263,Trần Đức Hương,909004943,tranduchuong898@hotmail.com,3,2,Không có,1,2024-04-12 17:00:00,NULL
1158,366,Hoàng Đức Lan,492673892,hoangduclan310@gmail.com,2,1,Không có,1,2024-05-21 17:00:00,NULL
1159,82,Ngô Thanh Nga,858996745,ngothanhnga226@yahoo.com,1,2,Không có,1,2024-11-15 17:00:00,NULL
1160,7,Hoàng Thu Nam,854982592,hoangthunam290@gmail.com,2,2,Không có,1,2024-01-20 17:00:00,NULL
1161,331,Bùi Thu Linh,888273030,buithulinh457@yahoo.com,3,0,Không có,1,2024-06-12 17:00:00,NULL
1162,112,Võ Thanh Anh,358269903,vothanhanh90@gmail.com,1,0,Không có,1,2024-11-26 17:00:00,NULL
1163,324,Hoàng Thu Long,979615069,hoangthulong635@hotmail.com,2,2,Không có,1,2024-09-29 17:00:00,NULL
1164,18,Đỗ Thanh Anh,451799039,dothanhanh567@vku.udn.vn,1,0,Không có,1,2024-07-18 17:00:00,NULL
1165,383,Nguyễn Thị Dũng,917615339,nguyenthidung602@gmail.com,1,0,Không có,1,2024-04-17 17:00:00,NULL
1166,95,Phan Thanh Cường,407422565,phanthanhcuong688@yahoo.com,2,2,Không có,1,2024-05-27 17:00:00,NULL
1167,322,Hoàng Minh Dũng,761588882,hoangminhdung805@vku.udn.vn,3,3,Không có,1,2024-12-29 17:00:00,NULL
1168,92,Đỗ Văn Hạnh,735009817,dovanhanh596@vku.udn.vn,3,0,Không có,1,2024-05-13 17:00:00,NULL
1169,117,Lê Hải Cường,907536579,lehaicuong184@vku.udn.vn,3,0,Không có,1,2024-07-21 17:00:00,NULL
1170,350,Trần Minh Hạnh,944687060,tranminhhanh825@gmail.com,3,0,Không có,1,2024-04-27 17:00:00,NULL
1171,137,Hoàng Quốc Hương,735769745,hoangquochuong229@vku.udn.vn,2,0,Không có,1,2024-11-29 17:00:00,NULL
1172,42,Vũ Thanh Nam,814123310,vuthanhnam117@outlook.com,2,0,Không có,1,2024-03-16 17:00:00,NULL
1173,71,Lý Minh Bình,951252216,lyminhbinh222@outlook.com,2,1,Không có,1,2024-03-25 17:00:00,NULL
1174,278,Võ Thu Mai,429927269,vothumai254@yahoo.com,3,3,Không có,1,2024-07-11 17:00:00,NULL
1175,52,Đặng Quốc Lan,868886152,dangquoclan896@gmail.com,2,0,Không có,1,2024-02-16 17:00:00,NULL
1176,397,Hoàng Văn Hùng,620571903,hoangvanhung858@vku.udn.vn,3,2,Không có,1,2024-08-31 17:00:00,NULL
1177,312,Dương Hải Lan,627696198,duonghailan841@yahoo.com,3,0,Không có,1,2024-10-21 17:00:00,NULL
1178,144,Ngô Quốc Nam,546715058,ngoquocnam142@gmail.com,2,3,Không có,1,2024-03-31 17:00:00,NULL
1179,29,Phan Thị Trang,730189140,phanthitrang39@outlook.com,3,3,Không có,1,2024-03-14 17:00:00,NULL
1180,356,Bùi Hoàng Long,706936666,buihoanglong345@gmail.com,1,3,Không có,1,2024-04-08 17:00:00,NULL
1181,368,Đỗ Hải Bình,313169872,dohaibinh588@hotmail.com,3,0,Không có,1,2024-10-07 17:00:00,NULL
1182,389,Đỗ Thu Mai,743721204,dothumai56@yahoo.com,1,0,Không có,1,2024-09-18 17:00:00,NULL
1183,337,Dương Hoàng Linh,812153089,duonghoanglinh7@hotmail.com,2,1,Không có,1,2024-02-28 17:00:00,NULL
1184,367,Lê Minh Anh,358546865,leminhanh567@hotmail.com,3,0,Không có,1,2024-05-26 17:00:00,NULL
1185,108,Bùi Văn Phong,345379683,buivanphong878@vku.udn.vn,2,0,Không có,1,2024-03-19 17:00:00,NULL
1186,143,Đặng Văn Nga,487690458,dangvannga356@outlook.com,2,0,Không có,1,2024-04-22 17:00:00,NULL
1187,7,Đặng Minh Dũng,958293983,dangminhdung276@outlook.com,2,0,Không có,1,2024-10-23 17:00:00,NULL
1188,146,Phạm Hữu Phong,807865951,phamhuuphong983@yahoo.com,1,0,Không có,1,2024-02-20 17:00:00,NULL
1189,393,Nguyễn Thu Linh,400082623,nguyenthulinh231@gmail.com,3,0,Không có,1,2024-04-19 17:00:00,NULL
1190,397,Hoàng Văn Hùng,620571903,hoangvanhung858@vku.udn.vn,2,2,Không có,1,2024-06-14 17:00:00,NULL
1191,39,Lý Hải Phong,930200307,lyhaiphong884@hotmail.com,3,1,Không có,1,2024-11-29 17:00:00,NULL
1192,110,Ngô Thị Bình,466724578,ngothibinh269@vku.udn.vn,1,3,Không có,1,2024-02-01 17:00:00,NULL
1193,302,Phạm Thanh Dũng,981007818,phamthanhdung874@hotmail.com,1,3,Không có,1,2024-08-13 17:00:00,NULL
1194,342,Lê Hải Cường,353992714,lehaicuong267@outlook.com,3,3,Không có,1,2024-12-22 17:00:00,NULL
1195,82,Hoàng Văn Phong,941027901,hoangvanphong441@hotmail.com,1,0,Không có,1,2024-06-24 17:00:00,NULL
1196,125,Lê Minh Bình,963281908,leminhbinh653@outlook.com,2,0,Không có,1,2024-11-27 17:00:00,NULL
1197,12,Trần Hữu Anh,667126134,tranhuuanh506@yahoo.com,2,0,Không có,1,2024-05-23 17:00:00,NULL
1198,19,Phạm Minh Hạnh,430955221,phamminhhanh391@gmail.com,3,0,Không có,1,2024-05-15 17:00:00,NULL
1199,300,Nguyễn Thu Hùng,411225158,nguyenthuhung962@yahoo.com,2,3,Không có,1,2024-08-22 17:00:00,NULL
1200,24,Trần Đức Long,316178827,tranduclong445@hotmail.com,1,0,Không có,1,2024-09-02 17:00:00,NULL
1201,64,Ngô Thị Dũng,398141669,ngothidung162@outlook.com,3,2,Không có,1,2024-10-23 17:00:00,NULL
1202,67,Hồ Hữu Hùng,821089199,hohuuhung921@gmail.com,3,1,Không có,1,2024-08-11 17:00:00,NULL
1203,98,Hoàng Minh Nga,300772905,hoangminhnga376@outlook.com,3,2,Không có,1,2024-05-19 17:00:00,NULL
1204,297,Bùi Hoàng Bình,378663096,buihoangbinh551@yahoo.com,3,3,Không có,1,2024-06-12 17:00:00,NULL
1205,59,Trần Văn Trang,826036464,tranvantrang658@outlook.com,3,2,Không có,1,2024-03-31 17:00:00,NULL
1206,134,Ngô Văn Lan,696284441,ngovanlan572@outlook.com,3,0,Không có,1,2024-01-06 17:00:00,NULL
1207,139,Vũ Đức Dũng,912062546,vuducdung539@yahoo.com,3,0,Không có,1,2024-02-08 17:00:00,NULL
1208,388,Trần Thanh Hùng,647112584,tranthanhhung119@outlook.com,3,1,Không có,1,2024-12-10 17:00:00,NULL
1209,83,Dương Thanh Trang,885861719,duongthanhtrang247@vku.udn.vn,1,1,Không có,1,2024-06-09 17:00:00,NULL
1210,332,Hoàng Đức Hạnh,984683755,hoangduchanh284@vku.udn.vn,2,0,Không có,1,2024-10-31 17:00:00,NULL
1211,112,Phan Hoàng Dũng,622447282,phanhoangdung239@hotmail.com,1,2,Không có,1,2024-02-17 17:00:00,NULL
1212,398,Dương Hữu Mai,878296492,duonghuumai496@hotmail.com,2,1,Không có,1,2024-02-09 17:00:00,NULL
1213,64,Đặng Đức Cường,778476787,dangduccuong52@outlook.com,3,2,Không có,1,2024-01-27 17:00:00,NULL
1214,346,Bùi Hữu Dũng,435528741,buihuudung485@gmail.com,2,2,Không có,1,2024-02-12 17:00:00,NULL
1215,268,Đặng Minh Nga,312327652,dangminhnga697@gmail.com,1,0,Không có,1,2024-06-26 17:00:00,NULL
1216,82,Võ Hải Anh,877678962,vohaianh340@yahoo.com,1,0,Không có,1,2024-05-26 17:00:00,NULL
1217,295,Phan Minh Dũng,637352358,phanminhdung245@hotmail.com,2,3,Không có,1,2024-01-30 17:00:00,NULL
1218,141,Võ Hoàng Nga,513540619,vohoangnga91@yahoo.com,3,1,Không có,1,2024-11-27 17:00:00,NULL
1219,390,Bùi Hải Long,774637858,buihailong779@gmail.com,3,0,Không có,1,2024-06-18 17:00:00,NULL
1220,18,Đỗ Hoàng Hạnh,748108259,dohoanghanh641@yahoo.com,1,2,Không có,1,2024-06-22 17:00:00,NULL
1221,271,Lý Thị Hạnh,971410971,lythihanh306@vku.udn.vn,1,1,Không có,1,2024-11-29 17:00:00,NULL
1222,77,Vũ Minh Mai,463162642,vuminhmai764@hotmail.com,1,0,Không có,1,2024-04-03 17:00:00,NULL
1223,121,Dương Quốc Mai,475864280,duongquocmai486@yahoo.com,1,0,Không có,1,2024-03-08 17:00:00,NULL
1224,36,Hồ Thanh Linh,937594123,hothanhlinh627@vku.udn.vn,3,2,Không có,1,2024-08-21 17:00:00,NULL
1225,128,Lý Minh Phong,795367749,lyminhphong848@hotmail.com,1,1,Không có,1,2024-10-11 17:00:00,NULL
1226,253,Vũ Đức Mai,932719211,vuducmai285@gmail.com,3,3,Không có,1,2024-11-25 17:00:00,NULL
1227,335,Hồ Đức Bình,745461013,hoducbinh418@hotmail.com,3,3,Không có,1,2024-03-03 17:00:00,NULL
1228,274,Nguyễn Đức Hương,909194872,nguyenduchuong970@gmail.com,3,0,Không có,1,2024-08-01 17:00:00,NULL
1229,358,Lý Hoàng Nam,596641124,lyhoangnam570@gmail.com,3,2,Không có,1,2024-04-20 17:00:00,NULL
1230,78,Lý Thị Anh,491392758,lythianh112@outlook.com,1,3,Không có,1,2024-03-14 17:00:00,NULL
1231,399,Ngô Thu Linh,788922557,ngothulinh956@hotmail.com,2,1,Không có,1,2024-06-13 17:00:00,NULL
1232,32,Đặng Hoàng Trang,959588843,danghoangtrang363@yahoo.com,3,1,Không có,1,2024-09-03 17:00:00,NULL
1233,102,Đặng Đức Anh,602394369,dangducanh656@yahoo.com,2,0,Không có,1,2024-04-15 17:00:00,NULL
1234,394,Đỗ Hữu Mai,613383963,dohuumai522@hotmail.com,1,3,Không có,1,2024-12-09 17:00:00,NULL
1235,377,Hoàng Minh Nam,787512424,hoangminhnam73@yahoo.com,2,3,Không có,1,2024-06-29 17:00:00,NULL
1236,264,Vũ Hải Cường,584412919,vuhaicuong143@yahoo.com,1,0,Không có,1,2024-07-08 17:00:00,NULL
1237,22,Hoàng Thanh Cường,854208214,hoangthanhcuong788@gmail.com,3,0,Không có,1,2024-09-12 17:00:00,NULL
1238,25,Phan Đức Dũng,871526798,phanducdung294@hotmail.com,2,1,Không có,1,2024-09-22 17:00:00,NULL
1239,63,Hoàng Hữu Nam,916416868,hoanghuunam824@hotmail.com,1,0,Không có,1,2024-02-27 17:00:00,NULL
1240,276,Đặng Hữu Hùng,866585408,danghuuhung894@vku.udn.vn,2,1,Không có,1,2024-01-14 17:00:00,NULL
1241,94,Bùi Hữu Bình,404435349,buihuubinh833@outlook.com,2,0,Không có,1,2024-06-18 17:00:00,NULL
1242,289,Hoàng Hải Hùng,754200826,hoanghaihung714@vku.udn.vn,2,1,Không có,1,2024-08-19 17:00:00,NULL
1243,314,Đỗ Thu Linh,875757257,dothulinh340@gmail.com,3,0,Không có,1,2024-09-02 17:00:00,NULL
1244,269,Ngô Minh Phong,988227492,ngominhphong349@gmail.com,2,3,Không có,1,2024-06-05 17:00:00,NULL
1245,79,Bùi Minh Hương,669651326,buiminhhuong966@outlook.com,1,2,Không có,1,2024-11-10 17:00:00,NULL
1246,68,Phạm Quốc Nam,971318744,phamquocnam605@outlook.com,2,3,Không có,1,2023-12-31 17:00:00,NULL
1247,325,Đỗ Minh Dũng,513814138,dominhdung151@gmail.com,1,0,Không có,1,2024-03-11 17:00:00,NULL
1248,67,Lê Quốc Hạnh,757096375,lequochanh467@vku.udn.vn,3,0,Không có,1,2024-09-05 17:00:00,NULL
1249,284,Nguyễn Quốc Nam,664323393,nguyenquocnam820@gmail.com,3,2,Không có,1,2024-10-21 17:00:00,NULL
1250,367,Lê Minh Anh,358546865,leminhanh567@hotmail.com,2,2,Không có,1,2024-11-17 17:00:00,NULL
1251,343,Võ Thanh Lan,707083673,vothanhlan285@outlook.com,3,2,Không có,1,2024-08-02 17:00:00,NULL
1252,134,Hoàng Đức Mai,335530684,hoangducmai186@vku.udn.vn,2,0,Không có,1,2024-10-28 17:00:00,NULL
1253,299,Lê Hải Hạnh,883275843,lehaihanh721@hotmail.com,1,0,Không có,1,2024-04-16 17:00:00,NULL
1254,24,Hoàng Hoàng Linh,932137889,hoanghoanglinh473@yahoo.com,1,2,Không có,1,2024-11-07 17:00:00,NULL
1255,9,Bùi Thị Anh,532813761,buithianh962@vku.udn.vn,3,3,Không có,1,2024-06-27 17:00:00,NULL
1256,342,Lê Hải Cường,353992714,lehaicuong267@outlook.com,1,1,Không có,1,2024-08-05 17:00:00,NULL
1257,354,Bùi Thu Phong,819151495,buithuphong477@outlook.com,1,0,Không có,1,2024-11-09 17:00:00,NULL
1258,12,Bùi Văn Nga,813398300,buivannga725@outlook.com,2,1,Không có,1,2024-12-05 17:00:00,NULL
1259,38,Đỗ Minh Linh,692297332,dominhlinh57@gmail.com,3,0,Không có,1,2024-12-17 17:00:00,NULL
1260,302,Phạm Thanh Dũng,981007818,phamthanhdung874@hotmail.com,3,2,Không có,1,2024-11-18 17:00:00,NULL
1261,35,Phan Văn Lan,735410744,phanvanlan807@gmail.com,1,0,Không có,1,2024-09-29 17:00:00,NULL
1262,370,Vũ Hải Bình,919571745,vuhaibinh645@gmail.com,3,0,Không có,1,2024-02-05 17:00:00,NULL
1263,52,Ngô Đức Linh,648144622,ngoduclinh346@outlook.com,1,3,Không có,1,2024-02-23 17:00:00,NULL
1264,64,Trần Hoàng Linh,316782928,tranhoanglinh797@yahoo.com,2,0,Không có,1,2024-12-21 17:00:00,NULL
1265,67,Đỗ Minh Lan,898836985,dominhlan429@gmail.com,1,0,Không có,1,2024-05-01 17:00:00,NULL
1266,109,Nguyễn Thanh Hùng,569919135,nguyenthanhhung215@outlook.com,2,2,Không có,1,2024-03-16 17:00:00,NULL
1267,335,Hồ Đức Bình,745461013,hoducbinh418@hotmail.com,1,3,Không có,1,2024-03-20 17:00:00,NULL
1268,269,Ngô Minh Phong,988227492,ngominhphong349@gmail.com,2,0,Không có,1,2024-04-11 17:00:00,NULL
1269,113,Phan Hữu Anh,364050550,phanhuuanh709@vku.udn.vn,2,0,Không có,1,2024-03-09 17:00:00,NULL
1270,386,Phan Quốc Lan,644733679,phanquoclan687@gmail.com,3,1,Không có,1,2024-04-19 17:00:00,NULL
1271,325,Đỗ Minh Dũng,513814138,dominhdung151@gmail.com,3,1,Không có,1,2024-07-31 17:00:00,NULL
1272,348,Ngô Hữu Hùng,416070149,ngohuuhung593@gmail.com,2,0,Không có,1,2024-12-19 17:00:00,NULL
1273,49,Dương Quốc Cường,973033141,duongquoccuong809@hotmail.com,2,3,Không có,1,2024-12-25 17:00:00,NULL
1274,3,Bùi Thanh Nam,852694084,buithanhnam955@gmail.com,3,0,Không có,1,2024-05-30 17:00:00,NULL
1275,341,Nguyễn Quốc Trang,906011277,nguyenquoctrang679@gmail.com,3,0,Không có,1,2024-10-13 17:00:00,NULL
1276,139,Đặng Thị Mai,872149194,dangthimai727@vku.udn.vn,2,1,Không có,1,2024-01-27 17:00:00,NULL
1277,94,Đỗ Văn Hùng,441763305,dovanhung427@vku.udn.vn,2,0,Không có,1,2024-05-20 17:00:00,NULL
1278,374,Nguyễn Hoàng Nam,406551233,nguyenhoangnam971@yahoo.com,2,0,Không có,1,2024-10-16 17:00:00,NULL
1279,250,Đỗ Thị Anh,595310485,dothianh251@yahoo.com,1,3,Không có,1,2024-08-20 17:00:00,NULL
1280,257,Lý Thanh Trang,506468299,lythanhtrang722@gmail.com,2,0,Không có,1,2024-08-21 17:00:00,NULL
1281,60,Phan Thị Lan,988604221,phanthilan57@vku.udn.vn,1,2,Không có,1,2024-06-05 17:00:00,NULL
1282,365,Hồ Hoàng Phong,863324548,hohoangphong612@hotmail.com,1,3,Không có,1,2024-11-03 17:00:00,NULL
1283,293,Trần Đức Linh,428727266,tranduclinh965@vku.udn.vn,2,0,Không có,1,2024-06-05 17:00:00,NULL
1284,47,Vũ Hữu Nga,447024288,vuhuunga474@vku.udn.vn,1,0,Không có,1,2024-02-02 17:00:00,NULL
1285,354,Bùi Thu Phong,819151495,buithuphong477@outlook.com,1,3,Không có,1,2024-04-23 17:00:00,NULL
1286,250,Đỗ Thị Anh,595310485,dothianh251@yahoo.com,3,1,Không có,1,2024-01-14 17:00:00,NULL
1287,86,Phạm Hữu Phong,479460824,phamhuuphong97@vku.udn.vn,3,0,Không có,1,2024-01-24 17:00:00,NULL
1288,288,Phạm Quốc Hương,362959284,phamquochuong169@outlook.com,2,0,Không có,1,2024-01-06 17:00:00,NULL
1289,316,Hồ Thanh Linh,950911797,hothanhlinh524@gmail.com,2,2,Không có,1,2024-01-08 17:00:00,NULL
1290,67,Trần Văn Phong,936918066,tranvanphong676@vku.udn.vn,1,1,Không có,1,2024-02-08 17:00:00,NULL
1291,282,Bùi Hải Dũng,807850824,buihaidung827@outlook.com,3,0,Không có,1,2024-10-22 17:00:00,NULL
1292,53,Lý Thu Hạnh,693486679,lythuhanh725@outlook.com,3,2,Không có,1,2024-05-23 17:00:00,NULL
1293,97,Trần Thanh Bình,858053247,tranthanhbinh478@gmail.com,1,1,Không có,1,2024-06-29 17:00:00,NULL
1294,23,Đặng Quốc Hùng,502706330,dangquochung876@outlook.com,1,1,Không có,1,2024-08-20 17:00:00,NULL
1295,291,Nguyễn Thanh Anh,353839920,nguyenthanhanh599@outlook.com,3,2,Không có,1,2024-08-11 17:00:00,NULL
1296,55,Hoàng Hoàng Trang,682356574,hoanghoangtrang280@outlook.com,2,3,Không có,1,2024-04-11 17:00:00,NULL
1297,58,Lê Quốc Trang,463999734,lequoctrang696@hotmail.com,2,2,Không có,1,2024-01-15 17:00:00,NULL
1298,382,Bùi Văn Hương,763887247,buivanhuong753@hotmail.com,1,0,Không có,1,2024-07-14 17:00:00,NULL
1299,93,Ngô Thị Trang,894620935,ngothitrang692@outlook.com,3,2,Không có,1,2024-09-07 17:00:00,NULL
1300,267,Ngô Quốc Trang,368212356,ngoquoctrang395@outlook.com,1,1,Không có,1,2024-06-26 17:00:00,NULL
1301,262,Dương Văn Dũng,334467368,duongvandung825@hotmail.com,2,3,Không có,1,2024-02-27 17:00:00,NULL
1302,139,Trần Đức Lan,664577685,tranduclan509@vku.udn.vn,1,2,Không có,1,2024-07-11 17:00:00,NULL
1303,138,Hoàng Thị Trang,810315526,hoangthitrang821@vku.udn.vn,2,0,Không có,1,2024-11-14 17:00:00,NULL
1304,383,Nguyễn Thị Dũng,917615339,nguyenthidung602@gmail.com,3,0,Không có,1,2024-04-18 17:00:00,NULL
1305,313,Đỗ Đức Linh,652468587,doduclinh286@gmail.com,2,0,Không có,1,2024-05-15 17:00:00,NULL
1306,319,Hồ Minh Nga,632091877,hominhnga683@outlook.com,3,1,Không có,1,2024-05-11 17:00:00,NULL
1307,31,Trần Hoàng Nam,860447662,tranhoangnam513@gmail.com,3,2,Không có,1,2024-07-26 17:00:00,NULL
1308,49,Phạm Hữu Bình,594792954,phamhuubinh180@yahoo.com,2,1,Không có,1,2024-06-16 17:00:00,NULL
1309,291,Nguyễn Thanh Anh,353839920,nguyenthanhanh599@outlook.com,3,3,Không có,1,2024-12-18 17:00:00,NULL
1310,133,Ngô Văn Hùng,827950113,ngovanhung888@gmail.com,2,3,Không có,1,2024-04-16 17:00:00,NULL
1311,319,Hồ Minh Nga,632091877,hominhnga683@outlook.com,3,3,Không có,1,2024-06-28 17:00:00,NULL
1312,263,Trần Đức Hương,909004943,tranduchuong898@hotmail.com,2,1,Không có,1,2024-09-20 17:00:00,NULL
1313,71,Dương Hoàng Dũng,899717002,duonghoangdung22@gmail.com,3,2,Không có,1,2024-04-10 17:00:00,NULL
1314,322,Hoàng Minh Dũng,761588882,hoangminhdung805@vku.udn.vn,3,1,Không có,1,2024-03-27 17:00:00,NULL
1315,63,Bùi Đức Hạnh,749179485,buiduchanh290@yahoo.com,1,1,Không có,1,2024-05-15 17:00:00,NULL
1316,123,Đỗ Đức Nam,941234259,doducnam393@outlook.com,2,0,Không có,1,2024-02-12 17:00:00,NULL
1317,51,Hoàng Thu Trang,723802474,hoangthutrang391@hotmail.com,3,0,Không có,1,2024-04-29 17:00:00,NULL
1318,70,Trần Thanh Nam,452252010,tranthanhnam544@outlook.com,2,0,Không có,1,2024-03-26 17:00:00,NULL
1319,263,Trần Đức Hương,909004943,tranduchuong898@hotmail.com,3,0,Không có,1,2024-07-02 17:00:00,NULL
1320,326,Võ Hoàng Hạnh,378198716,vohoanghanh467@outlook.com,1,0,Không có,1,2024-10-10 17:00:00,NULL
1321,62,Trần Thanh Bình,493976787,tranthanhbinh209@hotmail.com,1,3,Không có,1,2024-12-28 17:00:00,NULL
1322,316,Hồ Thanh Linh,950911797,hothanhlinh524@gmail.com,1,0,Không có,1,2024-01-13 17:00:00,NULL
1323,271,Lý Thị Hạnh,971410971,lythihanh306@vku.udn.vn,1,3,Không có,1,2024-10-17 17:00:00,NULL
1324,39,Nguyễn Đức Cường,605947579,nguyenduccuong398@outlook.com,3,3,Không có,1,2024-07-22 17:00:00,NULL
1325,81,Đặng Đức Mai,811573219,dangducmai457@outlook.com,2,2,Không có,1,2024-12-15 17:00:00,NULL
1326,50,Võ Quốc Bình,622544807,voquocbinh929@outlook.com,1,0,Không có,1,2024-12-11 17:00:00,NULL
1327,256,Đặng Thị Hương,706448196,dangthihuong81@vku.udn.vn,2,1,Không có,1,2024-10-17 17:00:00,NULL
1328,51,Hồ Hải Cường,721934734,hohaicuong806@yahoo.com,1,0,Không có,1,2024-05-09 17:00:00,NULL
1329,138,Đặng Văn Anh,314285707,dangvananh405@gmail.com,1,3,Không có,1,2024-02-09 17:00:00,NULL
1330,347,Võ Minh Phong,696098177,vominhphong172@vku.udn.vn,1,0,Không có,1,2024-06-03 17:00:00,NULL
1331,378,Đỗ Đức Linh,423240112,doduclinh558@yahoo.com,2,1,Không có,1,2024-08-29 17:00:00,NULL
1332,13,Đỗ Quốc Linh,921332807,doquoclinh869@outlook.com,3,3,Không có,1,2024-05-29 17:00:00,NULL
1333,386,Phan Quốc Lan,644733679,phanquoclan687@gmail.com,1,1,Không có,1,2024-09-04 17:00:00,NULL
1334,316,Hồ Thanh Linh,950911797,hothanhlinh524@gmail.com,2,0,Không có,1,2024-08-16 17:00:00,NULL
1335,327,Phạm Quốc Mai,729123992,phamquocmai250@yahoo.com,2,3,Không có,1,2024-11-03 17:00:00,NULL
1336,287,Dương Văn Bình,553810544,duongvanbinh171@outlook.com,1,0,Không có,1,2024-12-18 17:00:00,NULL
1337,285,Phạm Thu Mai,450519597,phamthumai433@yahoo.com,2,0,Không có,1,2024-06-20 17:00:00,NULL
1338,284,Nguyễn Quốc Nam,664323393,nguyenquocnam820@gmail.com,1,0,Không có,1,2024-12-18 17:00:00,NULL
1339,55,Hồ Hải Phong,406616380,hohaiphong519@outlook.com,1,3,Không có,1,2024-11-17 17:00:00,NULL
1340,289,Hoàng Hải Hùng,754200826,hoanghaihung714@vku.udn.vn,2,2,Không có,1,2024-08-11 17:00:00,NULL
1341,90,Lê Quốc Linh,792582348,lequoclinh941@outlook.com,3,3,Không có,1,2024-07-02 17:00:00,NULL
1342,288,Phạm Quốc Hương,362959284,phamquochuong169@outlook.com,1,1,Không có,1,2024-02-12 17:00:00,NULL
1343,80,Nguyễn Minh Hương,457691669,nguyenminhhuong541@vku.udn.vn,3,1,Không có,1,2024-08-01 17:00:00,NULL
1344,46,Phan Hữu Anh,936195900,phanhuuanh29@vku.udn.vn,2,0,Không có,1,2024-03-04 17:00:00,NULL
1345,59,Phan Đức Phong,907305392,phanducphong764@vku.udn.vn,3,3,Không có,1,2024-03-03 17:00:00,NULL
1346,369,Võ Thanh Cường,355165334,vothanhcuong259@outlook.com,1,0,Không có,1,2024-07-02 17:00:00,NULL
1347,34,Ngô Quốc Hạnh,835611738,ngoquochanh271@vku.udn.vn,3,1,Không có,1,2024-08-15 17:00:00,NULL
1348,353,Hồ Hữu Linh,489125618,hohuulinh752@vku.udn.vn,2,1,Không có,1,2024-09-04 17:00:00,NULL
1349,292,Lê Văn Nga,386019028,levannga872@yahoo.com,2,0,Không có,1,2024-10-18 17:00:00,NULL
1350,148,Lý Thanh Phong,950375849,lythanhphong387@outlook.com,1,0,Không có,1,2024-02-03 17:00:00,NULL
1351,276,Đặng Hữu Hùng,866585408,danghuuhung894@vku.udn.vn,3,2,Không có,1,2024-11-25 17:00:00,NULL
1352,360,Đỗ Hải Mai,318514813,dohaimai96@hotmail.com,3,2,Không có,1,2024-01-09 17:00:00,NULL
1353,26,Hoàng Thị Bình,480556122,hoangthibinh102@vku.udn.vn,2,0,Không có,1,2024-04-01 17:00:00,NULL
1354,96,Nguyễn Văn Hùng,643641906,nguyenvanhung400@gmail.com,1,1,Không có,1,2024-07-26 17:00:00,NULL
1355,64,Phan Hải Nga,819875201,phanhainga417@gmail.com,1,1,Không có,1,2024-09-08 17:00:00,NULL
1356,122,Phan Thu Cường,877174482,phanthucuong801@yahoo.com,2,2,Không có,1,2024-06-03 17:00:00,NULL
1357,376,Nguyễn Quốc Mai,937599912,nguyenquocmai482@hotmail.com,1,2,Không có,1,2024-12-22 17:00:00,NULL
1358,267,Ngô Quốc Trang,368212356,ngoquoctrang395@outlook.com,1,0,Không có,1,2024-01-08 17:00:00,NULL
1359,42,Lê Văn Bình,507222353,levanbinh474@hotmail.com,2,0,Không có,1,2024-06-28 17:00:00,NULL
1360,288,Phạm Quốc Hương,362959284,phamquochuong169@outlook.com,2,0,Không có,1,2024-01-03 17:00:00,NULL
1361,392,Đỗ Hoàng Phong,556943695,dohoangphong727@yahoo.com,3,0,Không có,1,2024-03-05 17:00:00,NULL
1362,389,Đỗ Thu Mai,743721204,dothumai56@yahoo.com,2,2,Không có,1,2024-06-13 17:00:00,NULL
1363,117,Hồ Quốc Bình,511394879,hoquocbinh940@yahoo.com,1,0,Không có,1,2024-01-02 17:00:00,NULL
1364,274,Nguyễn Đức Hương,909194872,nguyenduchuong970@gmail.com,3,2,Không có,1,2024-05-01 17:00:00,NULL
1365,36,Vũ Thị Trang,550302083,vuthitrang771@outlook.com,3,3,Không có,1,2024-02-02 17:00:00,NULL
1366,101,Hoàng Thanh Linh,777411727,hoangthanhlinh493@vku.udn.vn,1,0,Không có,1,2024-10-29 17:00:00,NULL
1367,73,Võ Minh Trang,696028184,vominhtrang352@hotmail.com,1,2,Không có,1,2024-09-18 17:00:00,NULL
1368,319,Hồ Minh Nga,632091877,hominhnga683@outlook.com,3,2,Không có,1,2024-02-04 17:00:00,NULL
1369,86,Phạm Hải Nam,703632224,phamhainam787@hotmail.com,1,1,Không có,1,2024-04-21 17:00:00,NULL
1370,102,Phan Thu Dũng,323076889,phanthudung183@yahoo.com,1,0,Không có,1,2024-04-10 17:00:00,NULL
1371,54,Võ Đức Lan,483996190,voduclan829@hotmail.com,3,2,Không có,1,2024-11-30 17:00:00,NULL
1372,36,Lý Văn Phong,503046903,lyvanphong631@vku.udn.vn,3,0,Không có,1,2024-09-28 17:00:00,NULL
1373,270,Lê Hải Anh,582811832,lehaianh996@vku.udn.vn,3,2,Không có,1,2024-09-16 17:00:00,NULL
1374,294,Bùi Văn Trang,388029013,buivantrang430@vku.udn.vn,1,0,Không có,1,2024-08-29 17:00:00,NULL
1375,46,Võ Hải Linh,834232794,vohailinh419@hotmail.com,2,0,Không có,1,2024-04-26 17:00:00,NULL
1376,253,Vũ Đức Mai,932719211,vuducmai285@gmail.com,1,0,Không có,1,2024-04-25 17:00:00,NULL
1377,257,Lý Thanh Trang,506468299,lythanhtrang722@gmail.com,2,2,Không có,1,2024-01-04 17:00:00,NULL
1378,119,Ngô Thị Lan,760412945,ngothilan867@yahoo.com,3,1,Không có,1,2024-04-28 17:00:00,NULL
1379,309,Lý Đức Hạnh,474484941,lyduchanh820@yahoo.com,3,3,Không có,1,2024-10-16 17:00:00,NULL
1380,107,Trần Hữu Bình,490735311,tranhuubinh692@vku.udn.vn,1,3,Không có,1,2024-08-30 17:00:00,NULL
1381,252,Phạm Đức Nga,946412689,phamducnga28@vku.udn.vn,1,0,Không có,1,2024-07-06 17:00:00,NULL
1382,69,Vũ Hải Cường,633196834,vuhaicuong619@vku.udn.vn,3,0,Không có,1,2024-07-17 17:00:00,NULL
1383,106,Võ Hoàng Anh,609142921,vohoanganh755@gmail.com,3,1,Không có,1,2024-07-22 17:00:00,NULL
1384,96,Lý Hải Linh,430170389,lyhailinh781@vku.udn.vn,2,0,Không có,1,2024-03-20 17:00:00,NULL
1385,333,Hoàng Hải Bình,606798268,hoanghaibinh241@hotmail.com,2,3,Không có,1,2024-08-23 17:00:00,NULL
1386,339,Phạm Minh Linh,821454127,phamminhlinh30@outlook.com,3,0,Không có,1,2024-03-11 17:00:00,NULL
1387,286,Phạm Thị Mai,890907304,phamthimai101@gmail.com,3,0,Không có,1,2024-08-13 17:00:00,NULL
1388,105,Lý Thị Phong,479365626,lythiphong856@yahoo.com,1,1,Không có,1,2024-06-20 17:00:00,NULL
1389,322,Hoàng Minh Dũng,761588882,hoangminhdung805@vku.udn.vn,1,1,Không có,1,2024-03-28 17:00:00,NULL
1390,358,Lý Hoàng Nam,596641124,lyhoangnam570@gmail.com,2,0,Không có,1,2024-05-07 17:00:00,NULL
1391,265,Hoàng Hoàng Linh,926563708,hoanghoanglinh409@hotmail.com,3,3,Không có,1,2024-11-06 17:00:00,NULL
1392,122,Lê Thanh Mai,462855048,lethanhmai304@yahoo.com,2,0,Không có,1,2024-04-30 17:00:00,NULL
1393,265,Hoàng Hoàng Linh,926563708,hoanghoanglinh409@hotmail.com,1,3,Không có,1,2024-01-12 17:00:00,NULL
1394,267,Ngô Quốc Trang,368212356,ngoquoctrang395@outlook.com,1,0,Không có,1,2024-09-07 17:00:00,NULL
1395,91,Vũ Hữu Trang,606395333,vuhuutrang255@hotmail.com,3,1,Không có,1,2024-08-05 17:00:00,NULL
1396,296,Đỗ Minh Mai,639492674,dominhmai952@gmail.com,2,1,Không có,1,2024-09-14 17:00:00,NULL
1397,256,Đặng Thị Hương,706448196,dangthihuong81@vku.udn.vn,1,0,Không có,1,2024-07-12 17:00:00,NULL
1398,39,Đặng Hải Long,361959861,danghailong706@hotmail.com,3,1,Không có,1,2024-10-15 17:00:00,NULL
1399,129,Lý Đức Hương,758349758,lyduchuong434@yahoo.com,2,3,Không có,1,2024-11-24 17:00:00,NULL
1400,58,Nguyễn Thị Bình,863673646,nguyenthibinh793@outlook.com,2,3,Không có,1,2024-07-21 17:00:00,NULL
1401,250,Đỗ Thị Anh,595310485,dothianh251@yahoo.com,1,1,Không có,1,2024-04-04 17:00:00,NULL
1402,393,Nguyễn Thu Linh,400082623,nguyenthulinh231@gmail.com,1,0,Không có,1,2024-04-07 17:00:00,NULL
1403,54,Bùi Thu Phong,808128757,buithuphong273@outlook.com,2,2,Không có,1,2024-12-05 17:00:00,NULL
1404,278,Võ Thu Mai,429927269,vothumai254@yahoo.com,1,1,Không có,1,2024-07-11 17:00:00,NULL
1405,308,Đỗ Thị Lan,901170349,dothilan906@outlook.com,2,3,Không có,1,2024-12-23 17:00:00,NULL
1406,330,Ngô Hải Long,870298515,ngohailong573@vku.udn.vn,3,1,Không có,1,2024-11-08 17:00:00,NULL
1407,357,Lê Hải Dũng,680990401,lehaidung817@hotmail.com,1,0,Không có,1,2024-03-26 17:00:00,NULL
1408,48,Lý Thị Long,980267188,lythilong140@vku.udn.vn,3,1,Không có,1,2024-07-14 17:00:00,NULL
1409,49,Phạm Minh Bình,419596078,phamminhbinh298@gmail.com,1,0,Không có,1,2024-07-11 17:00:00,NULL
1410,99,Vũ Thanh Phong,858078796,vuthanhphong374@yahoo.com,3,2,Không có,1,2024-07-12 17:00:00,NULL
1411,360,Đỗ Hải Mai,318514813,dohaimai96@hotmail.com,3,0,Không có,1,2024-09-09 17:00:00,NULL
1412,118,Vũ Hải Lan,719900806,vuhailan776@outlook.com,1,2,Không có,1,2024-06-01 17:00:00,NULL
1413,102,Đỗ Hữu Trang,818017848,dohuutrang141@outlook.com,2,0,Không có,1,2024-06-13 17:00:00,NULL
1414,89,Lê Quốc Dũng,558616542,lequocdung35@gmail.com,2,1,Không có,1,2024-03-31 17:00:00,NULL
1415,295,Phan Minh Dũng,637352358,phanminhdung245@hotmail.com,3,3,Không có,1,2024-07-06 17:00:00,NULL
1416,363,Hoàng Minh Hùng,547538338,hoangminhhung124@yahoo.com,2,3,Không có,1,2024-12-20 17:00:00,NULL
1417,255,Vũ Thị Lan,669319644,vuthilan619@hotmail.com,3,2,Không có,1,2024-07-25 17:00:00,NULL
1418,5,Dương Văn Bình,620595601,duongvanbinh128@vku.udn.vn,2,2,Không có,1,2024-01-20 17:00:00,NULL
1419,376,Nguyễn Quốc Mai,937599912,nguyenquocmai482@hotmail.com,1,0,Không có,1,2024-09-23 17:00:00,NULL
1420,319,Hồ Minh Nga,632091877,hominhnga683@outlook.com,3,0,Không có,1,2024-07-22 17:00:00,NULL
1421,364,Hồ Thu Phong,498803134,hothuphong197@yahoo.com,2,0,Không có,1,2024-08-09 17:00:00,NULL
1422,375,Hoàng Thị Cường,557553274,hoangthicuong178@vku.udn.vn,1,0,Không có,1,2024-11-22 17:00:00,NULL
1423,8,Trần Thu Lan,602791679,tranthulan718@vku.udn.vn,3,0,Không có,1,2024-02-22 17:00:00,NULL
1424,53,Nguyễn Thu Nam,453190896,nguyenthunam160@yahoo.com,2,2,Không có,1,2024-04-01 17:00:00,NULL
1425,337,Dương Hoàng Linh,812153089,duonghoanglinh7@hotmail.com,3,0,Không có,1,2024-09-13 17:00:00,NULL
1426,49,Ngô Văn Linh,446488860,ngovanlinh694@vku.udn.vn,2,1,Không có,1,2024-03-24 17:00:00,NULL
1427,366,Hoàng Đức Lan,492673892,hoangduclan310@gmail.com,3,2,Không có,1,2024-01-07 17:00:00,NULL
1428,279,Nguyễn Hoàng Nga,547083812,nguyenhoangnga603@yahoo.com,3,0,Không có,1,2024-03-26 17:00:00,NULL
1429,297,Bùi Hoàng Bình,378663096,buihoangbinh551@yahoo.com,2,0,Không có,1,2024-12-12 17:00:00,NULL
1430,340,Hồ Hữu Hạnh,801856351,hohuuhanh942@yahoo.com,2,3,Không có,1,2024-11-10 17:00:00,NULL
1431,313,Đỗ Đức Linh,652468587,doduclinh286@gmail.com,2,1,Không có,1,2024-12-01 17:00:00,NULL
1432,377,Hoàng Minh Nam,787512424,hoangminhnam73@yahoo.com,3,0,Không có,1,2024-03-22 17:00:00,NULL
1433,139,Trần Thị Phong,467011940,tranthiphong22@yahoo.com,2,2,Không có,1,2024-06-14 17:00:00,NULL
1434,147,Hồ Đức Long,513043758,hoduclong841@outlook.com,2,3,Không có,1,2024-11-11 17:00:00,NULL
1435,55,Nguyễn Minh Dũng,757739343,nguyenminhdung952@yahoo.com,1,2,Không có,1,2024-10-28 17:00:00,NULL
1436,105,Nguyễn Thu Linh,626728893,nguyenthulinh660@gmail.com,1,0,Không có,1,2024-12-23 17:00:00,NULL
1437,27,Lý Hoàng Bình,570865381,lyhoangbinh442@yahoo.com,2,0,Không có,1,2024-12-03 17:00:00,NULL
1438,274,Nguyễn Đức Hương,909194872,nguyenduchuong970@gmail.com,3,0,Không có,1,2024-12-14 17:00:00,NULL
1439,24,Đặng Hữu Anh,749052318,danghuuanh131@yahoo.com,3,3,Không có,1,2024-10-05 17:00:00,NULL
1440,371,Ngô Hoàng Hùng,391462297,ngohoanghung255@gmail.com,3,1,Không có,1,2024-12-21 17:00:00,NULL
1441,356,Bùi Hoàng Long,706936666,buihoanglong345@gmail.com,3,0,Không có,1,2024-08-11 17:00:00,NULL
1442,140,Lý Hữu Hùng,989785833,lyhuuhung895@gmail.com,1,0,Không có,1,2024-01-23 17:00:00,NULL
1443,253,Vũ Đức Mai,932719211,vuducmai285@gmail.com,3,2,Không có,1,2024-04-21 17:00:00,NULL
1444,134,Võ Đức Nam,695824195,voducnam744@outlook.com,1,1,Không có,1,2024-06-14 17:00:00,NULL
1445,147,Phạm Hải Hương,407625222,phamhaihuong661@outlook.com,3,2,Không có,1,2024-12-16 17:00:00,NULL
1446,73,Phạm Thị Hùng,314492185,phamthihung147@vku.udn.vn,1,0,Không có,1,2024-07-14 17:00:00,NULL
1447,348,Ngô Hữu Hùng,416070149,ngohuuhung593@gmail.com,3,0,Không có,1,2024-11-16 17:00:00,NULL
1448,75,Võ Hữu Bình,602595772,vohuubinh230@gmail.com,2,0,Không có,1,2024-03-15 17:00:00,NULL
1449,273,Phan Hải Anh,420117054,phanhaianh952@hotmail.com,3,1,Không có,1,2024-11-04 17:00:00,NULL
1450,42,Trần Hoàng Linh,455335893,tranhoanglinh983@hotmail.com,1,0,Không có,1,2024-06-11 17:00:00,NULL
1451,398,Dương Hữu Mai,878296492,duonghuumai496@hotmail.com,3,1,Không có,1,2024-07-03 17:00:00,NULL
1452,71,Phạm Đức Anh,425880985,phamducanh765@yahoo.com,3,3,Không có,1,2024-05-29 17:00:00,NULL
1453,83,Ngô Hữu Mai,866345161,ngohuumai762@yahoo.com,3,0,Không có,1,2024-02-09 17:00:00,NULL
1454,275,Dương Thị Phong,871988889,duongthiphong785@yahoo.com,3,0,Không có,1,2024-02-25 17:00:00,NULL
1455,335,Hồ Đức Bình,745461013,hoducbinh418@hotmail.com,3,1,Không có,1,2024-12-28 17:00:00,NULL
1456,97,Ngô Thanh Long,589823921,ngothanhlong435@yahoo.com,1,0,Không có,1,2024-08-31 17:00:00,NULL
1457,8,Nguyễn Văn Lan,309103960,nguyenvanlan96@hotmail.com,2,0,Không có,1,2024-05-02 17:00:00,NULL
1458,306,Dương Thanh Trang,893269304,duongthanhtrang152@outlook.com,1,0,Không có,1,2024-06-30 17:00:00,NULL
1459,43,Đặng Hoàng Long,780478208,danghoanglong536@hotmail.com,1,0,Không có,1,2024-12-13 17:00:00,NULL
1460,357,Lê Hải Dũng,680990401,lehaidung817@hotmail.com,1,0,Không có,1,2024-10-06 17:00:00,NULL
1461,329,Võ Văn Nga,567574609,vovannga940@gmail.com,2,2,Không có,1,2024-05-25 17:00:00,NULL
1462,263,Trần Đức Hương,909004943,tranduchuong898@hotmail.com,3,2,Không có,1,2024-05-13 17:00:00,NULL
1463,342,Lê Hải Cường,353992714,lehaicuong267@outlook.com,1,1,Không có,1,2024-04-01 17:00:00,NULL
1464,271,Lý Thị Hạnh,971410971,lythihanh306@vku.udn.vn,3,0,Không có,1,2024-04-17 17:00:00,NULL
1465,19,Hoàng Minh Long,452189904,hoangminhlong181@gmail.com,1,0,Không có,1,2024-08-29 17:00:00,NULL
1466,310,Lê Thanh Phong,742073642,lethanhphong822@yahoo.com,2,0,Không có,1,2024-09-24 17:00:00,NULL
1467,255,Vũ Thị Lan,669319644,vuthilan619@hotmail.com,3,2,Không có,1,2024-08-30 17:00:00,NULL
1468,302,Phạm Thanh Dũng,981007818,phamthanhdung874@hotmail.com,1,1,Không có,1,2024-12-06 17:00:00,NULL
1469,358,Lý Hoàng Nam,596641124,lyhoangnam570@gmail.com,3,2,Không có,1,2024-09-22 17:00:00,NULL
1470,52,Phạm Đức Long,697559799,phamduclong591@gmail.com,2,0,Không có,1,2024-12-21 17:00:00,NULL
1471,61,Dương Quốc Long,406542097,duongquoclong291@vku.udn.vn,1,0,Không có,1,2024-03-30 17:00:00,NULL
1472,360,Đỗ Hải Mai,318514813,dohaimai96@hotmail.com,2,0,Không có,1,2024-04-17 17:00:00,NULL
1473,315,Lê Hoàng Hùng,341078352,lehoanghung112@vku.udn.vn,1,2,Không có,1,2024-01-07 17:00:00,NULL
1474,126,Vũ Thanh Nga,548001621,vuthanhnga163@outlook.com,1,3,Không có,1,2024-01-26 17:00:00,NULL
1475,67,Vũ Văn Long,464334700,vuvanlong789@vku.udn.vn,1,2,Không có,1,2024-10-09 17:00:00,NULL
1476,381,Hồ Quốc Hùng,837377910,hoquochung553@outlook.com,1,2,Không có,1,2024-08-19 17:00:00,NULL
1477,29,Lê Minh Hùng,399618698,leminhhung917@yahoo.com,1,1,Không có,1,2024-11-21 17:00:00,NULL
1478,54,Lý Thanh Long,472983724,lythanhlong931@outlook.com,1,0,Không có,1,2024-09-05 17:00:00,NULL
1479,393,Nguyễn Thu Linh,400082623,nguyenthulinh231@gmail.com,1,2,Không có,1,2024-09-03 17:00:00,NULL
1480,18,Trần Hữu Hùng,513929666,tranhuuhung281@outlook.com,1,0,Không có,1,2024-07-04 17:00:00,NULL
1481,146,Bùi Minh Hạnh,415490714,buiminhhanh327@vku.udn.vn,3,1,Không có,1,2024-04-14 17:00:00,NULL
1482,18,Lê Thanh Bình,311704885,lethanhbinh10@hotmail.com,3,0,Không có,1,2024-07-01 17:00:00,NULL
1483,112,Phạm Thị Nga,380341870,phamthinga285@vku.udn.vn,3,3,Không có,1,2024-10-13 17:00:00,NULL
1484,358,Lý Hoàng Nam,596641124,lyhoangnam570@gmail.com,2,0,Không có,1,2024-03-27 17:00:00,NULL
1485,275,Dương Thị Phong,871988889,duongthiphong785@yahoo.com,1,2,Không có,1,2024-07-30 17:00:00,NULL
1486,355,Phan Đức Hạnh,393053577,phanduchanh286@outlook.com,1,0,Không có,1,2024-09-08 17:00:00,NULL
1487,74,Nguyễn Văn Hùng,418974458,nguyenvanhung905@gmail.com,1,0,Không có,1,2024-03-27 17:00:00,NULL
1488,338,Dương Quốc Nga,886405096,duongquocnga820@vku.udn.vn,3,1,Không có,1,2024-11-21 17:00:00,NULL
1489,267,Ngô Quốc Trang,368212356,ngoquoctrang395@outlook.com,3,0,Không có,1,2024-05-30 17:00:00,NULL
1490,99,Đỗ Hữu Hạnh,439651408,dohuuhanh517@gmail.com,1,0,Không có,1,2024-10-28 17:00:00,NULL
1491,260,Hồ Thị Trang,981802744,hothitrang176@vku.udn.vn,3,2,Không có,1,2024-05-02 17:00:00,NULL
1492,63,Võ Minh Lan,996452298,vominhlan101@gmail.com,2,3,Không có,1,2024-04-17 17:00:00,NULL
1493,102,Đỗ Đức Bình,357056243,doducbinh225@gmail.com,1,2,Không có,1,2024-10-30 17:00:00,NULL
1494,54,Hồ Văn Bình,967994493,hovanbinh190@vku.udn.vn,2,3,Không có,1,2024-04-14 17:00:00,NULL
1495,273,Phan Hải Anh,420117054,phanhaianh952@hotmail.com,1,3,Không có,1,2024-08-06 17:00:00,NULL
1496,3,Đặng Thu Cường,400835200,dangthucuong774@yahoo.com,1,0,Không có,1,2024-01-23 17:00:00,NULL
1497,282,Bùi Hải Dũng,807850824,buihaidung827@outlook.com,3,3,Không có,1,2024-07-04 17:00:00,NULL
1498,350,Trần Minh Hạnh,944687060,tranminhhanh825@gmail.com,2,0,Không có,1,2024-03-15 17:00:00,NULL
1499,381,Hồ Quốc Hùng,837377910,hoquochung553@outlook.com,2,0,Không có,1,2024-12-12 17:00:00,NULL
1500,59,Ngô Minh Anh,533351264,ngominhanh465@gmail.com,2,2,Không có,1,2024-09-23 17:00:00,NULL
1501,360,Đỗ Hải Mai,318514813,dohaimai96@hotmail.com,1,0,Không có,1,2024-03-13 17:00:00,NULL
1502,339,Phạm Minh Linh,821454127,phamminhlinh30@outlook.com,2,1,Không có,1,2024-02-18 17:00:00,NULL
1503,257,Lý Thanh Trang,506468299,lythanhtrang722@gmail.com,2,3,Không có,1,2024-11-12 17:00:00,NULL
1504,6,Bùi Thị Hạnh,816972219,buithihanh298@vku.udn.vn,3,0,Không có,1,2024-02-12 17:00:00,NULL
1505,65,Đỗ Minh Nam,820716616,dominhnam960@gmail.com,3,3,Không có,1,2024-09-20 17:00:00,NULL
1506,105,Dương Thu Mai,430794015,duongthumai401@gmail.com,2,1,Không có,1,2024-09-22 17:00:00,NULL
1507,350,Trần Minh Hạnh,944687060,tranminhhanh825@gmail.com,1,3,Không có,1,2024-12-01 17:00:00,NULL
1508,320,Hồ Minh Nga,436674237,hominhnga197@outlook.com,2,0,Không có,1,2024-01-05 17:00:00,NULL
1509,7,Phan Hoàng Lan,598865449,phanhoanglan471@yahoo.com,3,0,Không có,1,2024-12-26 17:00:00,NULL
1510,281,Đặng Đức Hùng,821209849,dangduchung220@vku.udn.vn,2,0,Không có,1,2024-03-21 17:00:00,NULL
1511,124,Ngô Thanh Trang,486903279,ngothanhtrang647@gmail.com,2,0,Không có,1,2024-02-01 17:00:00,NULL
1512,333,Hoàng Hải Bình,606798268,hoanghaibinh241@hotmail.com,3,0,Không có,1,2024-05-08 17:00:00,NULL
1513,74,Đặng Thanh Lan,448040578,dangthanhlan634@vku.udn.vn,1,1,Không có,1,2024-06-22 17:00:00,NULL
1514,321,Đỗ Hữu Trang,911072118,dohuutrang309@outlook.com,3,2,Không có,1,2024-09-20 17:00:00,NULL
1515,272,Lê Thanh Phong,473461957,lethanhphong553@vku.udn.vn,1,2,Không có,1,2024-07-17 17:00:00,NULL
1516,397,Hoàng Văn Hùng,620571903,hoangvanhung858@vku.udn.vn,1,0,Không có,1,2024-11-11 17:00:00,NULL
1517,40,Nguyễn Hải Nga,763336308,nguyenhainga231@hotmail.com,2,0,Không có,1,2024-10-08 17:00:00,NULL
1518,119,Nguyễn Quốc Phong,761406882,nguyenquocphong387@yahoo.com,3,1,Không có,1,2024-09-29 17:00:00,NULL
1519,326,Võ Hoàng Hạnh,378198716,vohoanghanh467@outlook.com,1,0,Không có,1,2024-04-25 17:00:00,NULL
1520,95,Võ Thị Long,568648974,vothilong79@gmail.com,3,0,Không có,1,2024-11-03 17:00:00,NULL
1521,356,Bùi Hoàng Long,706936666,buihoanglong345@gmail.com,2,0,Không có,1,2024-07-05 17:00:00,NULL
1522,380,Bùi Hoàng Hương,609893263,buihoanghuong450@gmail.com,3,0,Không có,1,2024-07-28 17:00:00,NULL
1523,328,Lý Thị Phong,756497252,lythiphong225@yahoo.com,1,0,Không có,1,2024-01-17 17:00:00,NULL
1524,299,Lê Hải Hạnh,883275843,lehaihanh721@hotmail.com,3,0,Không có,1,2024-08-14 17:00:00,NULL
1525,259,Võ Thanh Cường,697478786,vothanhcuong364@yahoo.com,1,0,Không có,1,2024-11-06 17:00:00,NULL
1526,32,Vũ Hải Nam,441597244,vuhainam947@yahoo.com,1,0,Không có,1,2024-09-29 17:00:00,NULL
1527,143,Trần Minh Trang,584023548,tranminhtrang677@hotmail.com,1,1,Không có,1,2024-01-19 17:00:00,NULL
1528,312,Dương Hải Lan,627696198,duonghailan841@yahoo.com,2,0,Không có,1,2024-11-07 17:00:00,NULL
1529,135,Đỗ Thu Hạnh,640735257,dothuhanh451@vku.udn.vn,1,2,Không có,1,2024-03-15 17:00:00,NULL
1530,119,Phan Thị Bình,421528853,phanthibinh520@outlook.com,3,0,Không có,1,2024-01-08 17:00:00,NULL
1531,147,Lê Thanh Anh,934825626,lethanhanh298@yahoo.com,1,0,Không có,1,2024-06-19 17:00:00,NULL
1532,43,Đỗ Thu Nga,589032747,dothunga452@hotmail.com,1,2,Không có,1,2024-10-01 17:00:00,NULL
1533,126,Võ Quốc Dũng,877260679,voquocdung584@yahoo.com,1,1,Không có,1,2024-02-09 17:00:00,NULL
1534,277,Lý Thu Phong,515984311,lythuphong731@hotmail.com,2,0,Không có,1,2024-08-02 17:00:00,NULL
1535,323,Võ Hải Mai,529460134,vohaimai524@outlook.com,2,3,Không có,1,2024-03-07 17:00:00,NULL
1536,388,Trần Thanh Hùng,647112584,tranthanhhung119@outlook.com,1,3,Không có,1,2024-06-20 17:00:00,NULL
1537,96,Phan Hải Cường,599895640,phanhaicuong521@vku.udn.vn,1,0,Không có,1,2024-10-29 17:00:00,NULL
1538,266,Đặng Hải Bình,350590821,danghaibinh882@gmail.com,2,0,Không có,1,2024-08-07 17:00:00,NULL
1539,57,Đặng Đức Anh,696791155,dangducanh501@gmail.com,1,0,Không có,1,2024-02-18 17:00:00,NULL
1540,330,Ngô Hải Long,870298515,ngohailong573@vku.udn.vn,2,0,Không có,1,2024-02-25 17:00:00,NULL
1541,145,Đỗ Thu Long,638024582,dothulong796@gmail.com,1,1,Không có,1,2024-02-07 17:00:00,NULL
1542,295,Phan Minh Dũng,637352358,phanminhdung245@hotmail.com,1,0,Không có,1,2024-08-27 17:00:00,NULL
1543,354,Bùi Thu Phong,819151495,buithuphong477@outlook.com,2,2,Không có,1,2024-01-19 17:00:00,NULL
1544,285,Phạm Thu Mai,450519597,phamthumai433@yahoo.com,1,3,Không có,1,2024-04-21 17:00:00,NULL
1545,313,Đỗ Đức Linh,652468587,doduclinh286@gmail.com,3,0,Không có,1,2024-09-15 17:00:00,NULL
1546,312,Dương Hải Lan,627696198,duonghailan841@yahoo.com,2,0,Không có,1,2024-11-15 17:00:00,NULL
1547,35,Hoàng Hữu Hương,743879804,hoanghuuhuong383@hotmail.com,1,2,Không có,1,2024-09-30 17:00:00,NULL
1548,9,Đỗ Đức Anh,705720578,doducanh279@gmail.com,3,1,Không có,1,2024-09-04 17:00:00,NULL
1549,13,Vũ Thu Nam,594258670,vuthunam24@hotmail.com,2,0,Không có,1,2024-10-27 17:00:00,NULL
1550,252,Phạm Đức Nga,946412689,phamducnga28@vku.udn.vn,1,1,Không có,1,2024-10-13 17:00:00,NULL
1551,293,Trần Đức Linh,428727266,tranduclinh965@vku.udn.vn,2,1,Không có,1,2024-04-23 17:00:00,NULL
1552,130,Vũ Minh Nam,339202005,vuminhnam346@yahoo.com,2,3,Không có,1,2024-09-23 17:00:00,NULL
1553,392,Đỗ Hoàng Phong,556943695,dohoangphong727@yahoo.com,2,1,Không có,1,2024-10-13 17:00:00,NULL
1554,366,Hoàng Đức Lan,492673892,hoangduclan310@gmail.com,3,3,Không có,1,2024-08-04 17:00:00,NULL
1555,74,Phan Hoàng Hương,998169178,phanhoanghuong381@vku.udn.vn,1,0,Không có,1,2024-05-30 17:00:00,NULL
1556,251,Đỗ Thu Bình,934036506,dothubinh433@gmail.com,3,3,Không có,1,2024-09-21 17:00:00,NULL
1557,345,Ngô Văn Phong,333318206,ngovanphong973@yahoo.com,3,0,Không có,1,2024-03-16 17:00:00,NULL
1558,105,Đỗ Văn Hương,605144085,dovanhuong198@hotmail.com,2,2,Không có,1,2024-11-14 17:00:00,NULL
1559,380,Bùi Hoàng Hương,609893263,buihoanghuong450@gmail.com,3,3,Không có,1,2024-05-22 17:00:00,NULL
1560,345,Ngô Văn Phong,333318206,ngovanphong973@yahoo.com,2,0,Không có,1,2024-02-15 17:00:00,NULL
1561,359,Trần Đức Nam,736398872,tranducnam501@vku.udn.vn,1,2,Không có,1,2024-12-26 17:00:00,NULL
1562,131,Phạm Hoàng Nga,710660521,phamhoangnga898@yahoo.com,2,0,Không có,1,2024-01-12 17:00:00,NULL
1563,287,Dương Văn Bình,553810544,duongvanbinh171@outlook.com,1,3,Không có,1,2024-06-16 17:00:00,NULL
1564,32,Phan Văn Trang,489953165,phanvantrang916@yahoo.com,1,0,Không có,1,2024-09-07 17:00:00,NULL
1565,381,Hồ Quốc Hùng,837377910,hoquochung553@outlook.com,3,0,Không có,1,2024-12-09 17:00:00,NULL
1566,34,Vũ Hữu Long,634110361,vuhuulong765@gmail.com,2,2,Không có,1,2024-02-11 17:00:00,NULL
1567,282,Bùi Hải Dũng,807850824,buihaidung827@outlook.com,3,0,Không có,1,2024-10-15 17:00:00,NULL
1568,13,Hoàng Văn Linh,491130376,hoangvanlinh723@hotmail.com,2,0,Không có,1,2024-08-22 17:00:00,NULL
1569,328,Lý Thị Phong,756497252,lythiphong225@yahoo.com,1,2,Không có,1,2024-10-22 17:00:00,NULL
1570,360,Đỗ Hải Mai,318514813,dohaimai96@hotmail.com,1,0,Không có,1,2024-09-18 17:00:00,NULL
1571,56,Lý Thanh Hùng,887098523,lythanhhung167@outlook.com,1,0,Không có,1,2024-08-30 17:00:00,NULL
1572,308,Đỗ Thị Lan,901170349,dothilan906@outlook.com,1,2,Không có,1,2024-08-02 17:00:00,NULL
1573,273,Phan Hải Anh,420117054,phanhaianh952@hotmail.com,1,0,Không có,1,2024-06-25 17:00:00,NULL
1574,257,Lý Thanh Trang,506468299,lythanhtrang722@gmail.com,1,1,Không có,1,2024-04-13 17:00:00,NULL
1575,295,Phan Minh Dũng,637352358,phanminhdung245@hotmail.com,2,0,Không có,1,2024-07-16 17:00:00,NULL
1576,16,Lý Thị Long,836816895,lythilong236@yahoo.com,1,0,Không có,1,2024-07-06 17:00:00,NULL
1577,349,Đỗ Quốc Linh,512954978,doquoclinh78@vku.udn.vn,3,3,Không có,1,2024-12-14 17:00:00,NULL
1578,308,Đỗ Thị Lan,901170349,dothilan906@outlook.com,2,1,Không có,1,2024-05-11 17:00:00,NULL
1579,376,Nguyễn Quốc Mai,937599912,nguyenquocmai482@hotmail.com,1,0,Không có,1,2024-09-28 17:00:00,NULL
1580,335,Hồ Đức Bình,745461013,hoducbinh418@hotmail.com,2,1,Không có,1,2024-01-20 17:00:00,NULL
1581,255,Vũ Thị Lan,669319644,vuthilan619@hotmail.com,1,0,Không có,1,2024-01-18 17:00:00,NULL
1582,127,Đặng Thị Lan,753688034,dangthilan950@hotmail.com,2,0,Không có,1,2024-02-08 17:00:00,NULL
1583,43,Bùi Hải Dũng,595050028,buihaidung779@outlook.com,3,3,Không có,1,2024-06-03 17:00:00,NULL
1584,144,Nguyễn Quốc Long,586746273,nguyenquoclong133@hotmail.com,2,2,Không có,1,2024-04-01 17:00:00,NULL
1585,265,Hoàng Hoàng Linh,926563708,hoanghoanglinh409@hotmail.com,3,2,Không có,1,2024-04-22 17:00:00,NULL
1586,309,Lý Đức Hạnh,474484941,lyduchanh820@yahoo.com,2,0,Không có,1,2024-10-13 17:00:00,NULL
1587,334,Lý Thu Bình,448578017,lythubinh155@yahoo.com,3,3,Không có,1,2024-11-14 17:00:00,NULL
1588,114,Lý Hoàng Hùng,976753340,lyhoanghung328@hotmail.com,1,3,Không có,1,2024-07-23 17:00:00,NULL
1589,265,Hoàng Hoàng Linh,926563708,hoanghoanglinh409@hotmail.com,1,1,Không có,1,2024-07-24 17:00:00,NULL
1590,317,Phạm Minh Anh,768213197,phamminhanh2@vku.udn.vn,2,2,Không có,1,2024-03-10 17:00:00,NULL
1591,385,Lý Minh Cường,928492896,lyminhcuong447@outlook.com,1,0,Không có,1,2024-07-06 17:00:00,NULL
1592,36,Đặng Thị Phong,471011192,dangthiphong619@hotmail.com,1,1,Không có,1,2024-08-22 17:00:00,NULL
1593,38,Lý Thu Bình,994806885,lythubinh733@vku.udn.vn,3,3,Không có,1,2024-09-22 17:00:00,NULL
1594,66,Ngô Hải Dũng,654362380,ngohaidung271@gmail.com,3,3,Không có,1,2024-03-26 17:00:00,NULL
1595,272,Lê Thanh Phong,473461957,lethanhphong553@vku.udn.vn,1,0,Không có,1,2024-10-30 17:00:00,NULL
1596,328,Lý Thị Phong,756497252,lythiphong225@yahoo.com,1,2,Không có,1,2024-11-06 17:00:00,NULL
1597,347,Võ Minh Phong,696098177,vominhphong172@vku.udn.vn,3,1,Không có,1,2024-09-23 17:00:00,NULL
1598,10,Phan Hải Mai,862767769,phanhaimai584@gmail.com,1,3,Không có,1,2024-04-14 17:00:00,NULL
1599,141,Phạm Hải Cường,585361208,phamhaicuong42@vku.udn.vn,3,0,Không có,1,2024-08-15 17:00:00,NULL
1600,258,Ngô Minh Bình,549957310,ngominhbinh888@gmail.com,2,0,Không có,1,2024-08-24 17:00:00,NULL
1601,256,Đặng Thị Hương,706448196,dangthihuong81@vku.udn.vn,2,1,Không có,1,2024-08-13 17:00:00,NULL
1602,328,Lý Thị Phong,756497252,lythiphong225@yahoo.com,1,1,Không có,1,2024-09-09 17:00:00,NULL
1603,278,Võ Thu Mai,429927269,vothumai254@yahoo.com,2,0,Không có,1,2024-04-27 17:00:00,NULL
1604,305,Đặng Văn Bình,380792472,dangvanbinh968@yahoo.com,2,1,Không có,1,2024-09-20 17:00:00,NULL
1605,258,Ngô Minh Bình,549957310,ngominhbinh888@gmail.com,2,0,Không có,1,2024-06-29 17:00:00,NULL
1606,309,Lý Đức Hạnh,474484941,lyduchanh820@yahoo.com,3,3,Không có,1,2024-08-20 17:00:00,NULL
1607,389,Đỗ Thu Mai,743721204,dothumai56@yahoo.com,1,3,Không có,1,2024-02-07 17:00:00,NULL
1608,148,Bùi Đức Nga,563310130,buiducnga91@outlook.com,2,2,Không có,1,2024-06-14 17:00:00,NULL
1609,112,Bùi Văn Cường,758843089,buivancuong123@outlook.com,2,1,Không có,1,2024-08-22 17:00:00,NULL
1610,27,Võ Minh Trang,381123954,vominhtrang342@gmail.com,3,0,Không có,1,2024-10-15 17:00:00,NULL
1611,388,Trần Thanh Hùng,647112584,tranthanhhung119@outlook.com,2,1,Không có,1,2024-10-19 17:00:00,NULL
1612,80,Nguyễn Hoàng Hạnh,309167505,nguyenhoanghanh400@gmail.com,1,0,Không có,1,2024-08-19 17:00:00,NULL
1613,284,Nguyễn Quốc Nam,664323393,nguyenquocnam820@gmail.com,2,0,Không có,1,2024-02-20 17:00:00,NULL
1614,66,Ngô Quốc Trang,399698872,ngoquoctrang835@gmail.com,1,2,Không có,1,2024-07-12 17:00:00,NULL
1615,367,Lê Minh Anh,358546865,leminhanh567@hotmail.com,3,0,Không có,1,2024-11-04 17:00:00,NULL
1616,307,Hoàng Thanh Hương,342836793,hoangthanhhuong921@hotmail.com,2,0,Không có,1,2024-08-09 17:00:00,NULL
1617,143,Hồ Hải Phong,940169688,hohaiphong40@gmail.com,1,3,Không có,1,2024-03-30 17:00:00,NULL
1618,315,Lê Hoàng Hùng,341078352,lehoanghung112@vku.udn.vn,1,1,Không có,1,2024-09-21 17:00:00,NULL
1619,272,Lê Thanh Phong,473461957,lethanhphong553@vku.udn.vn,1,0,Không có,1,2024-07-26 17:00:00,NULL
1620,377,Hoàng Minh Nam,787512424,hoangminhnam73@yahoo.com,2,1,Không có,1,2024-08-30 17:00:00,NULL
1621,395,Võ Đức Mai,891916368,voducmai149@outlook.com,3,0,Không có,1,2024-04-24 17:00:00,NULL
1622,369,Võ Thanh Cường,355165334,vothanhcuong259@outlook.com,3,0,Không có,1,2024-06-15 17:00:00,NULL
1623,96,Dương Thanh Dũng,735570732,duongthanhdung644@vku.udn.vn,2,0,Không có,1,2024-04-30 17:00:00,NULL
1624,275,Dương Thị Phong,871988889,duongthiphong785@yahoo.com,2,0,Không có,1,2024-10-07 17:00:00,NULL
1625,321,Đỗ Hữu Trang,911072118,dohuutrang309@outlook.com,2,0,Không có,1,2024-04-25 17:00:00,NULL
1626,45,Đặng Hoàng Phong,869686115,danghoangphong156@vku.udn.vn,3,0,Không có,1,2024-03-12 17:00:00,NULL
1627,288,Phạm Quốc Hương,362959284,phamquochuong169@outlook.com,3,2,Không có,1,2024-03-21 17:00:00,NULL
1628,72,Ngô Quốc Cường,472070303,ngoquoccuong148@outlook.com,1,1,Không có,1,2024-12-27 17:00:00,NULL
1629,74,Đặng Minh Nga,805849792,dangminhnga106@vku.udn.vn,1,3,Không có,1,2024-08-14 17:00:00,NULL
1630,142,Phạm Thu Bình,943221793,phamthubinh91@vku.udn.vn,2,0,Không có,1,2024-08-05 17:00:00,NULL
1631,32,Trần Văn Bình,560644618,tranvanbinh731@outlook.com,3,1,Không có,1,2024-11-22 17:00:00,NULL
1632,368,Đỗ Hải Bình,313169872,dohaibinh588@hotmail.com,3,3,Không có,1,2024-10-20 17:00:00,NULL
1633,328,Lý Thị Phong,756497252,lythiphong225@yahoo.com,3,0,Không có,1,2024-11-16 17:00:00,NULL
1634,137,Bùi Thu Nam,639875950,buithunam825@yahoo.com,2,0,Không có,1,2024-03-28 17:00:00,NULL
1635,357,Lê Hải Dũng,680990401,lehaidung817@hotmail.com,1,0,Không có,1,2024-12-27 17:00:00,NULL
1636,306,Dương Thanh Trang,893269304,duongthanhtrang152@outlook.com,3,0,Không có,1,2024-12-29 17:00:00,NULL
1637,394,Đỗ Hữu Mai,613383963,dohuumai522@hotmail.com,2,0,Không có,1,2024-01-20 17:00:00,NULL
1638,115,Dương Hải Linh,909977378,duonghailinh570@vku.udn.vn,1,1,Không có,1,2024-03-14 17:00:00,NULL
1639,98,Phan Thanh Hương,643763518,phanthanhhuong948@yahoo.com,3,0,Không có,1,2024-05-12 17:00:00,NULL
1640,52,Hoàng Hoàng Hạnh,964437822,hoanghoanghanh55@outlook.com,2,1,Không có,1,2024-02-22 17:00:00,NULL
1641,78,Hồ Hữu Linh,632672358,hohuulinh221@outlook.com,3,3,Không có,1,2024-10-17 17:00:00,NULL
1642,6,Phạm Hoàng Phong,494602924,phamhoangphong778@yahoo.com,1,3,Không có,1,2024-02-05 17:00:00,NULL
1643,64,Lê Thanh Cường,681346877,lethanhcuong99@hotmail.com,1,3,Không có,1,2024-10-19 17:00:00,NULL
1644,282,Bùi Hải Dũng,807850824,buihaidung827@outlook.com,1,0,Không có,1,2024-01-10 17:00:00,NULL
1645,3,Lê Đức Long,495191987,leduclong636@outlook.com,3,0,Không có,1,2024-07-14 17:00:00,NULL
1646,294,Bùi Văn Trang,388029013,buivantrang430@vku.udn.vn,2,0,Không có,1,2024-08-14 17:00:00,NULL
1647,368,Đỗ Hải Bình,313169872,dohaibinh588@hotmail.com,1,3,Không có,1,2024-11-08 17:00:00,NULL
1648,386,Phan Quốc Lan,644733679,phanquoclan687@gmail.com,2,0,Không có,1,2024-03-12 17:00:00,NULL
1649,348,Ngô Hữu Hùng,416070149,ngohuuhung593@gmail.com,2,0,Không có,1,2024-09-25 17:00:00,NULL
1650,354,Bùi Thu Phong,819151495,buithuphong477@outlook.com,3,0,Không có,1,2024-11-07 17:00:00,NULL
1651,27,Hồ Thu Nga,846261415,hothunga870@yahoo.com,2,3,Không có,1,2024-07-15 17:00:00,NULL
1652,25,Bùi Hoàng Anh,521222848,buihoanganh47@outlook.com,3,0,Không có,1,2024-12-29 17:00:00,NULL
1653,5,Lê Hữu Trang,577224347,lehuutrang253@vku.udn.vn,2,3,Không có,1,2024-07-17 17:00:00,NULL
1654,132,Lê Hải Bình,651520056,lehaibinh188@vku.udn.vn,1,3,Không có,1,2024-03-05 17:00:00,NULL
1655,394,Đỗ Hữu Mai,613383963,dohuumai522@hotmail.com,2,0,Không có,1,2024-04-12 17:00:00,NULL
1656,60,Hồ Hữu Mai,840757095,hohuumai612@gmail.com,1,0,Không có,1,2024-02-11 17:00:00,NULL
1657,265,Hoàng Hoàng Linh,926563708,hoanghoanglinh409@hotmail.com,1,3,Không có,1,2024-06-22 17:00:00,NULL
1658,35,Dương Đức Trang,897916497,duongductrang542@hotmail.com,1,0,Không có,1,2024-12-01 17:00:00,NULL
1659,383,Nguyễn Thị Dũng,917615339,nguyenthidung602@gmail.com,2,0,Không có,1,2024-07-27 17:00:00,NULL
1660,301,Lý Thị Nam,894019365,lythinam160@hotmail.com,3,2,Không có,1,2024-01-10 17:00:00,NULL
1661,301,Lý Thị Nam,894019365,lythinam160@hotmail.com,1,1,Không có,1,2024-11-08 17:00:00,NULL
1662,377,Hoàng Minh Nam,787512424,hoangminhnam73@yahoo.com,1,0,Không có,1,2024-11-21 17:00:00,NULL
1663,76,Lý Quốc Mai,776626352,lyquocmai752@outlook.com,2,1,Không có,1,2024-07-23 17:00:00,NULL
1664,374,Nguyễn Hoàng Nam,406551233,nguyenhoangnam971@yahoo.com,3,0,Không có,1,2024-12-02 17:00:00,NULL
1665,112,Phạm Đức Lan,712628783,phamduclan565@yahoo.com,3,1,Không có,1,2024-10-03 17:00:00,NULL
1666,308,Đỗ Thị Lan,901170349,dothilan906@outlook.com,1,0,Không có,1,2024-03-06 17:00:00,NULL
1667,112,Hoàng Thị Phong,463226903,hoangthiphong576@yahoo.com,1,1,Không có,1,2024-10-24 17:00:00,NULL
1668,130,Vũ Hải Cường,929401014,vuhaicuong786@gmail.com,3,0,Không có,1,2024-02-18 17:00:00,NULL
1669,328,Lý Thị Phong,756497252,lythiphong225@yahoo.com,1,0,Không có,1,2024-12-08 17:00:00,NULL
1670,304,Phan Hữu Long,581272327,phanhuulong166@outlook.com,3,2,Không có,1,2024-05-28 17:00:00,NULL
1671,353,Hồ Hữu Linh,489125618,hohuulinh752@vku.udn.vn,1,0,Không có,1,2024-12-23 17:00:00,NULL
1672,337,Dương Hoàng Linh,812153089,duonghoanglinh7@hotmail.com,2,0,Không có,1,2024-10-19 17:00:00,NULL
1673,311,Ngô Thị Linh,341580226,ngothilinh880@outlook.com,3,0,Không có,1,2024-10-08 17:00:00,NULL
1674,266,Đặng Hải Bình,350590821,danghaibinh882@gmail.com,3,0,Không có,1,2024-02-23 17:00:00,NULL
1675,47,Ngô Thị Trang,448944032,ngothitrang125@gmail.com,1,3,Không có,1,2024-11-11 17:00:00,NULL
1676,98,Phan Thu Dũng,831824733,phanthudung488@yahoo.com,3,3,Không có,1,2024-08-08 17:00:00,NULL
1677,34,Hồ Thị Dũng,544507704,hothidung192@hotmail.com,1,1,Không có,1,2024-03-30 17:00:00,NULL
1678,126,Bùi Quốc Bình,312883767,buiquocbinh691@outlook.com,3,3,Không có,1,2024-03-22 17:00:00,NULL
1679,288,Phạm Quốc Hương,362959284,phamquochuong169@outlook.com,2,2,Không có,1,2024-08-17 17:00:00,NULL
1680,100,Lý Quốc Mai,785520725,lyquocmai890@outlook.com,1,0,Không có,1,2024-12-18 17:00:00,NULL
1681,300,Nguyễn Thu Hùng,411225158,nguyenthuhung962@yahoo.com,3,0,Không có,1,2024-07-13 17:00:00,NULL
1682,275,Dương Thị Phong,871988889,duongthiphong785@yahoo.com,2,0,Không có,1,2024-10-07 17:00:00,NULL
1683,352,Nguyễn Quốc Hạnh,826350075,nguyenquochanh109@outlook.com,2,1,Không có,1,2024-12-26 17:00:00,NULL
1684,392,Đỗ Hoàng Phong,556943695,dohoangphong727@yahoo.com,2,3,Không có,1,2024-07-07 17:00:00,NULL
1685,396,Đặng Hữu Hạnh,374958005,danghuuhanh283@outlook.com,1,1,Không có,1,2024-09-06 17:00:00,NULL
1686,78,Ngô Minh Nam,363373589,ngominhnam147@hotmail.com,2,0,Không có,1,2024-11-03 17:00:00,NULL
1687,117,Bùi Thu Dũng,941654357,buithudung844@yahoo.com,3,0,Không có,1,2024-10-13 17:00:00,NULL
1688,254,Phan Minh Cường,531191390,phanminhcuong981@hotmail.com,2,0,Không có,1,2024-05-06 17:00:00,NULL
1689,78,Hoàng Đức Nam,605761709,hoangducnam622@outlook.com,1,2,Không có,1,2024-10-30 17:00:00,NULL
1690,68,Đặng Văn Long,724705373,dangvanlong445@hotmail.com,1,0,Không có,1,2024-06-15 17:00:00,NULL
1691,70,Ngô Thanh Lan,743070745,ngothanhlan347@gmail.com,2,0,Không có,1,2024-03-17 17:00:00,NULL
1692,84,Nguyễn Văn Dũng,463886015,nguyenvandung777@yahoo.com,1,2,Không có,1,2024-01-28 17:00:00,NULL
1693,305,Đặng Văn Bình,380792472,dangvanbinh968@yahoo.com,1,2,Không có,1,2024-10-07 17:00:00,NULL
1694,354,Bùi Thu Phong,819151495,buithuphong477@outlook.com,1,3,Không có,1,2024-09-16 17:00:00,NULL
1695,134,Ngô Quốc Dũng,344732180,ngoquocdung190@gmail.com,2,0,Không có,1,2024-07-19 17:00:00,NULL
1696,30,Phạm Hải Nam,791649559,phamhainam398@hotmail.com,2,2,Không có,1,2024-09-17 17:00:00,NULL
1697,130,Hoàng Hải Linh,471248073,hoanghailinh747@vku.udn.vn,1,0,Không có,1,2024-01-15 17:00:00,NULL
1698,293,Trần Đức Linh,428727266,tranduclinh965@vku.udn.vn,1,3,Không có,1,2024-01-17 17:00:00,NULL
1699,18,Nguyễn Hoàng Mai,531365141,nguyenhoangmai65@yahoo.com,1,1,Không có,1,2024-02-13 17:00:00,NULL
1700,398,Dương Hữu Mai,878296492,duonghuumai496@hotmail.com,3,0,Không có,1,2024-12-28 17:00:00,NULL
1701,99,Hồ Văn Hùng,942150308,hovanhung373@gmail.com,2,1,Không có,1,2024-11-27 17:00:00,NULL
1702,381,Hồ Quốc Hùng,837377910,hoquochung553@outlook.com,2,0,Không có,1,2024-06-12 17:00:00,NULL
1703,324,Hoàng Thu Long,979615069,hoangthulong635@hotmail.com,2,2,Không có,1,2024-07-01 17:00:00,NULL
1704,84,Lý Thu Long,543505670,lythulong965@yahoo.com,3,3,Không có,1,2024-02-26 17:00:00,NULL
1705,353,Hồ Hữu Linh,489125618,hohuulinh752@vku.udn.vn,3,0,Không có,1,2024-10-06 17:00:00,NULL
1706,118,Phạm Quốc Hùng,881932510,phamquochung846@yahoo.com,3,0,Không có,1,2024-09-14 17:00:00,NULL
1707,100,Vũ Thanh Long,941626093,vuthanhlong413@gmail.com,2,0,Không có,1,2024-04-04 17:00:00,NULL
1708,301,Lý Thị Nam,894019365,lythinam160@hotmail.com,1,1,Không có,1,2024-11-12 17:00:00,NULL
1709,354,Bùi Thu Phong,819151495,buithuphong477@outlook.com,2,3,Không có,1,2024-08-30 17:00:00,NULL
1710,275,Dương Thị Phong,871988889,duongthiphong785@yahoo.com,1,3,Không có,1,2024-06-13 17:00:00,NULL
1711,68,Bùi Thị Nam,486743752,buithinam530@outlook.com,2,0,Không có,1,2024-08-24 17:00:00,NULL
1712,272,Lê Thanh Phong,473461957,lethanhphong553@vku.udn.vn,2,0,Không có,1,2024-04-10 17:00:00,NULL
1713,257,Lý Thanh Trang,506468299,lythanhtrang722@gmail.com,1,0,Không có,1,2024-04-26 17:00:00,NULL
1714,13,Trần Thị Hùng,809625271,tranthihung899@hotmail.com,2,2,Không có,1,2024-08-01 17:00:00,NULL
1715,73,Võ Thị Phong,925047143,vothiphong673@yahoo.com,2,0,Không có,1,2024-12-05 17:00:00,NULL
1716,33,Lý Đức Hạnh,502579662,lyduchanh492@yahoo.com,3,1,Không có,1,2024-10-25 17:00:00,NULL
1717,77,Phạm Minh Linh,346073086,phamminhlinh62@outlook.com,2,1,Không có,1,2024-10-15 17:00:00,NULL
1718,83,Ngô Văn Lan,601542652,ngovanlan285@outlook.com,2,3,Không có,1,2024-02-07 17:00:00,NULL
1719,275,Dương Thị Phong,871988889,duongthiphong785@yahoo.com,1,0,Không có,1,2024-05-07 17:00:00,NULL
1720,268,Đặng Minh Nga,312327652,dangminhnga697@gmail.com,2,2,Không có,1,2024-06-04 17:00:00,NULL
1721,380,Bùi Hoàng Hương,609893263,buihoanghuong450@gmail.com,1,2,Không có,1,2024-10-23 17:00:00,NULL
1722,357,Lê Hải Dũng,680990401,lehaidung817@hotmail.com,3,0,Không có,1,2024-05-17 17:00:00,NULL
1723,356,Bùi Hoàng Long,706936666,buihoanglong345@gmail.com,2,1,Không có,1,2024-04-10 17:00:00,NULL
1724,301,Lý Thị Nam,894019365,lythinam160@hotmail.com,1,2,Không có,1,2024-03-02 17:00:00,NULL
1725,377,Hoàng Minh Nam,787512424,hoangminhnam73@yahoo.com,2,1,Không có,1,2024-04-13 17:00:00,NULL
1726,126,Lê Quốc Dũng,318726669,lequocdung555@vku.udn.vn,1,0,Không có,1,2024-04-30 17:00:00,NULL
1727,87,Phạm Đức Bình,738660699,phamducbinh868@gmail.com,3,1,Không có,1,2024-12-08 17:00:00,NULL
1728,301,Lý Thị Nam,894019365,lythinam160@hotmail.com,2,0,Không có,1,2024-03-13 17:00:00,NULL
1729,297,Bùi Hoàng Bình,378663096,buihoangbinh551@yahoo.com,2,0,Không có,1,2024-08-18 17:00:00,NULL
1730,348,Ngô Hữu Hùng,416070149,ngohuuhung593@gmail.com,3,0,Không có,1,2024-01-18 17:00:00,NULL
1731,50,Hoàng Hữu Dũng,478916307,hoanghuudung420@hotmail.com,3,0,Không có,1,2024-09-24 17:00:00,NULL
1732,121,Nguyễn Đức Trang,372350979,nguyenductrang730@gmail.com,1,0,Không có,1,2024-05-26 17:00:00,NULL
1733,94,Dương Hữu Phong,322245738,duonghuuphong279@vku.udn.vn,3,2,Không có,1,2024-03-31 17:00:00,NULL
1734,32,Võ Đức Mai,566518615,voducmai180@gmail.com,1,3,Không có,1,2024-08-27 17:00:00,NULL
1735,24,Hồ Quốc Hương,995090262,hoquochuong538@outlook.com,3,0,Không có,1,2024-05-26 17:00:00,NULL
1736,371,Ngô Hoàng Hùng,391462297,ngohoanghung255@gmail.com,1,2,Không có,1,2024-01-18 17:00:00,NULL
1737,294,Bùi Văn Trang,388029013,buivantrang430@vku.udn.vn,3,3,Không có,1,2024-01-08 17:00:00,NULL
1738,107,Võ Quốc Hương,383884443,voquochuong670@outlook.com,3,0,Không có,1,2024-05-04 17:00:00,NULL
1739,87,Võ Quốc Lan,794233669,voquoclan818@vku.udn.vn,2,2,Không có,1,2024-01-30 17:00:00,NULL
1740,324,Hoàng Thu Long,979615069,hoangthulong635@hotmail.com,1,0,Không có,1,2024-07-11 17:00:00,NULL
1741,393,Nguyễn Thu Linh,400082623,nguyenthulinh231@gmail.com,1,1,Không có,1,2024-03-23 17:00:00,NULL
1742,87,Lý Thanh Long,865549649,lythanhlong681@hotmail.com,1,3,Không có,1,2024-06-23 17:00:00,NULL
1743,128,Bùi Minh Phong,414350071,buiminhphong884@hotmail.com,1,2,Không có,1,2024-05-18 17:00:00,NULL
1744,44,Vũ Hải Anh,426944637,vuhaianh342@hotmail.com,2,0,Không có,1,2024-06-08 17:00:00,NULL
1745,149,Trần Thị Phong,461110932,tranthiphong756@gmail.com,3,1,Không có,1,2024-03-21 17:00:00,NULL
1746,395,Võ Đức Mai,891916368,voducmai149@outlook.com,3,0,Không có,1,2024-06-17 17:00:00,NULL
1747,101,Lê Thị Mai,469000566,lethimai621@hotmail.com,3,3,Không có,1,2024-05-15 17:00:00,NULL
1748,270,Lê Hải Anh,582811832,lehaianh996@vku.udn.vn,1,1,Không có,1,2024-01-18 17:00:00,NULL
1749,65,Phan Thị Anh,718285868,phanthianh33@hotmail.com,1,1,Không có,1,2024-08-29 17:00:00,NULL
1750,264,Vũ Hải Cường,584412919,vuhaicuong143@yahoo.com,1,0,Không có,1,2024-07-30 17:00:00,NULL
1751,125,Hồ Thanh Phong,662044077,hothanhphong630@hotmail.com,1,0,Không có,1,2024-04-12 17:00:00,NULL
1752,23,Dương Quốc Hương,914070430,duongquochuong475@vku.udn.vn,1,0,Không có,1,2024-01-22 17:00:00,NULL
1753,256,Đặng Thị Hương,706448196,dangthihuong81@vku.udn.vn,2,0,Không có,1,2024-07-20 17:00:00,NULL
1754,112,Đỗ Quốc Bình,815250606,doquocbinh337@yahoo.com,1,0,Không có,1,2024-04-29 17:00:00,NULL
1755,69,Trần Minh Hùng,986145301,tranminhhung556@vku.udn.vn,1,0,Không có,1,2024-07-30 17:00:00,NULL
1756,82,Trần Hải Long,389408445,tranhailong630@hotmail.com,2,0,Không có,1,2024-03-31 17:00:00,NULL
1757,35,Trần Thu Phong,528019798,tranthuphong832@outlook.com,1,0,Không có,1,2024-09-01 17:00:00,NULL
1758,350,Trần Minh Hạnh,944687060,tranminhhanh825@gmail.com,1,0,Không có,1,2024-10-11 17:00:00,NULL
1759,315,Lê Hoàng Hùng,341078352,lehoanghung112@vku.udn.vn,2,1,Không có,1,2024-03-08 17:00:00,NULL
1760,320,Hồ Minh Nga,436674237,hominhnga197@outlook.com,2,0,Không có,1,2024-06-01 17:00:00,NULL
1761,256,Đặng Thị Hương,706448196,dangthihuong81@vku.udn.vn,1,0,Không có,1,2024-06-15 17:00:00,NULL
1762,111,Trần Quốc Phong,634891694,tranquocphong954@gmail.com,2,0,Không có,1,2024-06-07 17:00:00,NULL
1763,57,Phan Hữu Cường,411533646,phanhuucuong665@vku.udn.vn,3,0,Không có,1,2024-07-25 17:00:00,NULL
1764,383,Nguyễn Thị Dũng,917615339,nguyenthidung602@gmail.com,1,1,Không có,1,2024-11-08 17:00:00,NULL
1765,130,Bùi Hữu Hạnh,428824572,buihuuhanh657@vku.udn.vn,3,0,Không có,1,2023-12-31 17:00:00,NULL
1766,60,Lê Hữu Nam,695949630,lehuunam664@gmail.com,2,1,Không có,1,2024-12-21 17:00:00,NULL
1767,296,Đỗ Minh Mai,639492674,dominhmai952@gmail.com,3,3,Không có,1,2024-12-04 17:00:00,NULL
1768,143,Đặng Minh Dũng,608389322,dangminhdung424@gmail.com,1,0,Không có,1,2024-08-08 17:00:00,NULL
1769,146,Phạm Minh Hạnh,589523201,phamminhhanh489@outlook.com,1,1,Không có,1,2024-09-27 17:00:00,NULL
1770,309,Lý Đức Hạnh,474484941,lyduchanh820@yahoo.com,3,0,Không có,1,2024-05-02 17:00:00,NULL
1771,102,Trần Quốc Mai,562942260,tranquocmai640@yahoo.com,2,0,Không có,1,2024-05-07 17:00:00,NULL
1772,285,Phạm Thu Mai,450519597,phamthumai433@yahoo.com,1,1,Không có,1,2024-04-25 17:00:00,NULL
1773,376,Nguyễn Quốc Mai,937599912,nguyenquocmai482@hotmail.com,2,0,Không có,1,2024-03-09 17:00:00,NULL
1774,312,Dương Hải Lan,627696198,duonghailan841@yahoo.com,2,2,Không có,1,2024-04-16 17:00:00,NULL
1775,377,Hoàng Minh Nam,787512424,hoangminhnam73@yahoo.com,2,0,Không có,1,2024-10-03 17:00:00,NULL
1776,54,Nguyễn Thị Long,595555959,nguyenthilong586@gmail.com,1,0,Không có,1,2023-12-31 17:00:00,NULL
1777,83,Nguyễn Hải Dũng,333813100,nguyenhaidung634@yahoo.com,1,3,Không có,1,2024-04-09 17:00:00,NULL
1778,256,Đặng Thị Hương,706448196,dangthihuong81@vku.udn.vn,1,3,Không có,1,2024-08-29 17:00:00,NULL
1779,318,Phan Quốc Bình,654549587,phanquocbinh639@hotmail.com,3,2,Không có,1,2024-07-30 17:00:00,NULL
1780,387,Vũ Hải Hùng,729982328,vuhaihung834@vku.udn.vn,3,1,Không có,1,2024-03-20 17:00:00,NULL
1781,112,Lý Văn Dũng,421509873,lyvandung755@vku.udn.vn,3,1,Không có,1,2024-07-10 17:00:00,NULL
1782,305,Đặng Văn Bình,380792472,dangvanbinh968@yahoo.com,3,2,Không có,1,2024-03-04 17:00:00,NULL
1783,94,Lê Hoàng Mai,980596058,lehoangmai74@outlook.com,3,0,Không có,1,2024-03-11 17:00:00,NULL
1784,267,Ngô Quốc Trang,368212356,ngoquoctrang395@outlook.com,1,0,Không có,1,2024-01-15 17:00:00,NULL
1785,327,Phạm Quốc Mai,729123992,phamquocmai250@yahoo.com,2,3,Không có,1,2024-11-17 17:00:00,NULL
1786,398,Dương Hữu Mai,878296492,duonghuumai496@hotmail.com,3,0,Không có,1,2024-09-23 17:00:00,NULL
1787,342,Lê Hải Cường,353992714,lehaicuong267@outlook.com,3,0,Không có,1,2024-01-01 17:00:00,NULL
1788,391,Đặng Hữu Hương,609268943,danghuuhuong449@outlook.com,2,0,Không có,1,2024-09-17 17:00:00,NULL
1789,295,Phan Minh Dũng,637352358,phanminhdung245@hotmail.com,1,2,Không có,1,2024-01-27 17:00:00,NULL
1790,372,Bùi Hoàng Phong,964021648,buihoangphong232@vku.udn.vn,3,0,Không có,1,2024-05-16 17:00:00,NULL
1791,387,Vũ Hải Hùng,729982328,vuhaihung834@vku.udn.vn,2,1,Không có,1,2024-11-15 17:00:00,NULL
1792,130,Đỗ Thị Cường,964726382,dothicuong714@outlook.com,3,0,Không có,1,2024-09-26 17:00:00,NULL
1793,255,Vũ Thị Lan,669319644,vuthilan619@hotmail.com,1,1,Không có,1,2024-03-06 17:00:00,NULL
1794,302,Phạm Thanh Dũng,981007818,phamthanhdung874@hotmail.com,3,3,Không có,1,2024-01-21 17:00:00,NULL
1795,365,Hồ Hoàng Phong,863324548,hohoangphong612@hotmail.com,2,3,Không có,1,2024-02-24 17:00:00,NULL
1796,341,Nguyễn Quốc Trang,906011277,nguyenquoctrang679@gmail.com,1,0,Không có,1,2024-12-16 17:00:00,NULL
1797,109,Trần Thị Nam,865015203,tranthinam615@outlook.com,2,3,Không có,1,2024-12-27 17:00:00,NULL
1798,66,Đỗ Thanh Dũng,337320548,dothanhdung41@outlook.com,3,0,Không có,1,2024-10-29 17:00:00,NULL
1799,302,Phạm Thanh Dũng,981007818,phamthanhdung874@hotmail.com,2,1,Không có,1,2024-01-05 17:00:00,NULL
1800,148,Hoàng Hoàng Bình,864746769,hoanghoangbinh828@gmail.com,3,2,Không có,1,2024-07-18 17:00:00,NULL
1801,149,Phạm Hữu Hạnh,531483273,phamhuuhanh741@yahoo.com,3,2,Không có,1,2024-09-27 17:00:00,NULL
1802,50,Đỗ Văn Phong,555173296,dovanphong812@hotmail.com,2,1,Không có,1,2024-09-22 17:00:00,NULL
1803,26,Đặng Đức Lan,952220209,dangduclan400@outlook.com,1,0,Không có,1,2024-03-05 17:00:00,NULL
1804,336,Vũ Văn Dũng,751125671,vuvandung399@vku.udn.vn,3,0,Không có,1,2024-04-20 17:00:00,NULL
1805,251,Đỗ Thu Bình,934036506,dothubinh433@gmail.com,3,2,Không có,1,2024-09-26 17:00:00,NULL
1806,26,Đặng Thanh Trang,610686773,dangthanhtrang595@gmail.com,2,2,Không có,1,2024-01-27 17:00:00,NULL
1807,254,Phan Minh Cường,531191390,phanminhcuong981@hotmail.com,3,2,Không có,1,2024-09-23 17:00:00,NULL
1808,394,Đỗ Hữu Mai,613383963,dohuumai522@hotmail.com,3,2,Không có,1,2024-05-29 17:00:00,NULL
1809,14,Lê Đức Hùng,858339066,leduchung576@yahoo.com,3,0,Không có,1,2024-11-22 17:00:00,NULL
1810,148,Bùi Thanh Nga,766160259,buithanhnga693@yahoo.com,3,0,Không có,1,2024-03-12 17:00:00,NULL
1811,113,Lý Thị Hùng,586739596,lythihung864@yahoo.com,2,2,Không có,1,2024-12-09 17:00:00,NULL
1812,87,Nguyễn Thị Hạnh,841057786,nguyenthihanh782@outlook.com,1,0,Không có,1,2024-12-06 17:00:00,NULL
1813,145,Đỗ Quốc Long,695524674,doquoclong148@gmail.com,1,3,Không có,1,2024-01-27 17:00:00,NULL
1814,32,Hồ Hải Hương,472842164,hohaihuong394@gmail.com,3,3,Không có,1,2024-12-08 17:00:00,NULL
1815,37,Lý Hữu Hương,483876670,lyhuuhuong322@hotmail.com,1,0,Không có,1,2024-02-03 17:00:00,NULL
1816,308,Đỗ Thị Lan,901170349,dothilan906@outlook.com,1,1,Không có,1,2024-01-05 17:00:00,NULL
1817,65,Nguyễn Hữu Hạnh,847896762,nguyenhuuhanh406@hotmail.com,1,0,Không có,1,2024-06-05 17:00:00,NULL
1818,358,Lý Hoàng Nam,596641124,lyhoangnam570@gmail.com,1,0,Không có,1,2024-01-07 17:00:00,NULL
1819,121,Bùi Hải Nam,932016882,buihainam24@outlook.com,3,3,Không có,1,2024-10-04 17:00:00,NULL
1820,78,Đỗ Hữu Bình,315925900,dohuubinh403@hotmail.com,2,2,Không có,1,2024-02-12 17:00:00,NULL
1821,332,Hoàng Đức Hạnh,984683755,hoangduchanh284@vku.udn.vn,3,1,Không có,1,2024-02-06 17:00:00,NULL
1822,336,Vũ Văn Dũng,751125671,vuvandung399@vku.udn.vn,1,0,Không có,1,2024-04-29 17:00:00,NULL
1823,20,Đặng Thị Long,672351517,dangthilong87@hotmail.com,2,3,Không có,1,2024-09-15 17:00:00,NULL
1824,123,Vũ Thị Trang,831392957,vuthitrang66@outlook.com,3,2,Không có,1,2024-08-31 17:00:00,NULL
1825,357,Lê Hải Dũng,680990401,lehaidung817@hotmail.com,1,1,Không có,1,2024-09-08 17:00:00,NULL
1826,272,Lê Thanh Phong,473461957,lethanhphong553@vku.udn.vn,2,0,Không có,1,2024-12-09 17:00:00,NULL
1827,396,Đặng Hữu Hạnh,374958005,danghuuhanh283@outlook.com,1,0,Không có,1,2024-12-15 17:00:00,NULL
1828,374,Nguyễn Hoàng Nam,406551233,nguyenhoangnam971@yahoo.com,3,0,Không có,1,2024-10-12 17:00:00,NULL
1829,389,Đỗ Thu Mai,743721204,dothumai56@yahoo.com,3,2,Không có,1,2024-12-13 17:00:00,NULL
1830,64,Dương Thanh Trang,340469917,duongthanhtrang242@hotmail.com,1,0,Không có,1,2024-09-02 17:00:00,NULL
1831,335,Hồ Đức Bình,745461013,hoducbinh418@hotmail.com,1,0,Không có,1,2024-03-28 17:00:00,NULL
1832,332,Hoàng Đức Hạnh,984683755,hoangduchanh284@vku.udn.vn,2,0,Không có,1,2024-03-16 17:00:00,NULL
1833,70,Đặng Quốc Linh,926600431,dangquoclinh60@hotmail.com,3,1,Không có,1,2024-03-06 17:00:00,NULL
1834,333,Hoàng Hải Bình,606798268,hoanghaibinh241@hotmail.com,3,3,Không có,1,2024-03-25 17:00:00,NULL
1835,258,Ngô Minh Bình,549957310,ngominhbinh888@gmail.com,2,0,Không có,1,2024-01-13 17:00:00,NULL
1836,120,Phạm Văn Lan,336280985,phamvanlan349@outlook.com,3,0,Không có,1,2024-11-24 17:00:00,NULL
1837,148,Võ Hải Nam,990572323,vohainam973@hotmail.com,2,0,Không có,1,2024-10-26 17:00:00,NULL
1838,366,Hoàng Đức Lan,492673892,hoangduclan310@gmail.com,1,3,Không có,1,2024-02-04 17:00:00,NULL
1839,50,Hồ Thu Mai,871781603,hothumai354@gmail.com,1,1,Không có,1,2024-09-22 17:00:00,NULL
1840,139,Dương Hải Linh,558867282,duonghailinh922@vku.udn.vn,3,0,Không có,1,2024-10-18 17:00:00,NULL
1841,303,Hoàng Văn Bình,981057736,hoangvanbinh434@hotmail.com,1,1,Không có,1,2024-03-01 17:00:00,NULL
1842,114,Hồ Quốc Phong,380920264,hoquocphong335@vku.udn.vn,3,0,Không có,1,2024-10-21 17:00:00,NULL
1843,398,Dương Hữu Mai,878296492,duonghuumai496@hotmail.com,1,0,Không có,1,2024-05-15 17:00:00,NULL
1844,251,Đỗ Thu Bình,934036506,dothubinh433@gmail.com,2,2,Không có,1,2024-05-08 17:00:00,NULL
1845,327,Phạm Quốc Mai,729123992,phamquocmai250@yahoo.com,3,1,Không có,1,2024-08-12 17:00:00,NULL
1846,388,Trần Thanh Hùng,647112584,tranthanhhung119@outlook.com,3,3,Không có,1,2024-01-14 17:00:00,NULL
1847,30,Đặng Thu Hạnh,675071892,dangthuhanh583@outlook.com,3,0,Không có,1,2024-01-22 17:00:00,NULL
1848,376,Nguyễn Quốc Mai,937599912,nguyenquocmai482@hotmail.com,3,2,Không có,1,2024-01-08 17:00:00,NULL
1849,267,Ngô Quốc Trang,368212356,ngoquoctrang395@outlook.com,3,2,Không có,1,2024-03-23 17:00:00,NULL
1850,281,Đặng Đức Hùng,821209849,dangduchung220@vku.udn.vn,3,1,Không có,1,2024-08-31 17:00:00,NULL
1851,343,Võ Thanh Lan,707083673,vothanhlan285@outlook.com,1,0,Không có,1,2024-11-06 17:00:00,NULL
1852,48,Lê Thanh Long,769909112,lethanhlong761@vku.udn.vn,1,0,Không có,1,2024-04-01 17:00:00,NULL
1853,112,Ngô Thu Bình,489125842,ngothubinh154@hotmail.com,1,0,Không có,1,2024-06-20 17:00:00,NULL
1854,7,Phan Quốc Hạnh,301327225,phanquochanh810@gmail.com,1,3,Không có,1,2024-07-10 17:00:00,NULL
1855,69,Phan Hoàng Cường,898641566,phanhoangcuong491@yahoo.com,2,0,Không có,1,2024-01-13 17:00:00,NULL
1856,34,Dương Minh Nga,667638808,duongminhnga666@gmail.com,2,0,Không có,1,2024-08-05 17:00:00,NULL
1857,84,Võ Hoàng Hương,695744834,vohoanghuong787@outlook.com,2,0,Không có,1,2024-01-16 17:00:00,NULL
1858,320,Hồ Minh Nga,436674237,hominhnga197@outlook.com,1,2,Không có,1,2024-03-10 17:00:00,NULL
1859,386,Phan Quốc Lan,644733679,phanquoclan687@gmail.com,1,2,Không có,1,2024-05-20 17:00:00,NULL
1860,34,Phan Thị Anh,687750861,phanthianh833@hotmail.com,3,0,Không có,1,2024-07-27 17:00:00,NULL
1861,354,Bùi Thu Phong,819151495,buithuphong477@outlook.com,2,2,Không có,1,2024-02-27 17:00:00,NULL
1862,132,Lê Hải Hương,722650625,lehaihuong261@outlook.com,2,0,Không có,1,2024-10-13 17:00:00,NULL
1863,35,Vũ Thị Hùng,973061795,vuthihung989@hotmail.com,3,0,Không có,1,2024-01-09 17:00:00,NULL
1864,37,Đặng Thu Bình,977611161,dangthubinh841@vku.udn.vn,3,0,Không có,1,2024-03-03 17:00:00,NULL
1865,396,Đặng Hữu Hạnh,374958005,danghuuhanh283@outlook.com,3,2,Không có,1,2024-06-10 17:00:00,NULL
1866,117,Lê Đức Mai,820787752,leducmai294@gmail.com,2,2,Không có,1,2024-07-30 17:00:00,NULL
1867,139,Bùi Hải Phong,583589950,buihaiphong16@gmail.com,1,1,Không có,1,2024-08-10 17:00:00,NULL
1868,74,Dương Hữu Long,977342791,duonghuulong682@gmail.com,3,3,Không có,1,2024-09-19 17:00:00,NULL
1869,135,Võ Văn Nam,840789555,vovannam857@vku.udn.vn,3,2,Không có,1,2024-07-07 17:00:00,NULL
1870,251,Đỗ Thu Bình,934036506,dothubinh433@gmail.com,2,2,Không có,1,2024-05-12 17:00:00,NULL
1871,365,Hồ Hoàng Phong,863324548,hohoangphong612@hotmail.com,3,0,Không có,1,2024-08-11 17:00:00,NULL
1872,345,Ngô Văn Phong,333318206,ngovanphong973@yahoo.com,1,2,Không có,1,2024-10-14 17:00:00,NULL
1873,319,Hồ Minh Nga,632091877,hominhnga683@outlook.com,1,2,Không có,1,2024-07-18 17:00:00,NULL
1874,321,Đỗ Hữu Trang,911072118,dohuutrang309@outlook.com,1,1,Không có,1,2024-09-05 17:00:00,NULL
1875,322,Hoàng Minh Dũng,761588882,hoangminhdung805@vku.udn.vn,2,0,Không có,1,2024-03-17 17:00:00,NULL
1876,380,Bùi Hoàng Hương,609893263,buihoanghuong450@gmail.com,2,0,Không có,1,2024-05-15 17:00:00,NULL
1877,305,Đặng Văn Bình,380792472,dangvanbinh968@yahoo.com,1,2,Không có,1,2024-08-04 17:00:00,NULL
1878,311,Ngô Thị Linh,341580226,ngothilinh880@outlook.com,2,2,Không có,1,2023-12-31 17:00:00,NULL
1879,364,Hồ Thu Phong,498803134,hothuphong197@yahoo.com,2,0,Không có,1,2024-03-24 17:00:00,NULL
1880,350,Trần Minh Hạnh,944687060,tranminhhanh825@gmail.com,2,2,Không có,1,2024-10-30 17:00:00,NULL
1881,319,Hồ Minh Nga,632091877,hominhnga683@outlook.com,3,0,Không có,1,2024-12-21 17:00:00,NULL
1882,95,Trần Thị Mai,366429318,tranthimai81@outlook.com,1,2,Không có,1,2024-05-05 17:00:00,NULL
1883,378,Đỗ Đức Linh,423240112,doduclinh558@yahoo.com,3,2,Không có,1,2024-06-08 17:00:00,NULL
1884,6,Vũ Minh Phong,958622998,vuminhphong925@vku.udn.vn,2,1,Không có,1,2024-03-09 17:00:00,NULL
1885,357,Lê Hải Dũng,680990401,lehaidung817@hotmail.com,2,0,Không có,1,2024-05-13 17:00:00,NULL
1886,266,Đặng Hải Bình,350590821,danghaibinh882@gmail.com,1,3,Không có,1,2024-03-06 17:00:00,NULL
1887,280,Hồ Văn Dũng,372370545,hovandung928@gmail.com,1,1,Không có,1,2024-03-22 17:00:00,NULL
1888,37,Ngô Thu Long,306570528,ngothulong398@gmail.com,3,0,Không có,1,2024-03-30 17:00:00,NULL
1889,356,Bùi Hoàng Long,706936666,buihoanglong345@gmail.com,2,0,Không có,1,2024-03-28 17:00:00,NULL
1890,312,Dương Hải Lan,627696198,duonghailan841@yahoo.com,3,0,Không có,1,2024-03-15 17:00:00,NULL
1891,300,Nguyễn Thu Hùng,411225158,nguyenthuhung962@yahoo.com,1,0,Không có,1,2024-11-20 17:00:00,NULL
1892,388,Trần Thanh Hùng,647112584,tranthanhhung119@outlook.com,2,3,Không có,1,2024-07-03 17:00:00,NULL
1893,77,Võ Hải Hương,521491393,vohaihuong793@outlook.com,1,3,Không có,1,2024-03-18 17:00:00,NULL
1894,387,Vũ Hải Hùng,729982328,vuhaihung834@vku.udn.vn,3,1,Không có,1,2024-08-30 17:00:00,NULL
1895,102,Dương Đức Hương,338401215,duongduchuong313@gmail.com,3,3,Không có,1,2024-06-14 17:00:00,NULL
1896,366,Hoàng Đức Lan,492673892,hoangduclan310@gmail.com,2,0,Không có,1,2024-09-19 17:00:00,NULL
1897,321,Đỗ Hữu Trang,911072118,dohuutrang309@outlook.com,3,2,Không có,1,2024-12-17 17:00:00,NULL
1898,78,Hoàng Thanh Mai,814688783,hoangthanhmai593@yahoo.com,1,0,Không có,1,2024-11-13 17:00:00,NULL
1899,295,Phan Minh Dũng,637352358,phanminhdung245@hotmail.com,3,1,Không có,1,2024-12-28 17:00:00,NULL
1900,18,Lê Thị Anh,316001798,lethianh836@gmail.com,1,0,Không có,1,2024-09-20 17:00:00,NULL
1901,297,Bùi Hoàng Bình,378663096,buihoangbinh551@yahoo.com,2,1,Không có,1,2024-07-15 17:00:00,NULL
1902,250,Đỗ Thị Anh,595310485,dothianh251@yahoo.com,1,1,Không có,1,2024-06-11 17:00:00,NULL
1903,53,Dương Minh Lan,707151520,duongminhlan976@vku.udn.vn,2,0,Không có,1,2024-08-21 17:00:00,NULL
1904,272,Lê Thanh Phong,473461957,lethanhphong553@vku.udn.vn,1,3,Không có,1,2024-08-08 17:00:00,NULL
1905,331,Bùi Thu Linh,888273030,buithulinh457@yahoo.com,3,2,Không có,1,2024-11-09 17:00:00,NULL
1906,296,Đỗ Minh Mai,639492674,dominhmai952@gmail.com,2,2,Không có,1,2024-07-16 17:00:00,NULL
1907,289,Hoàng Hải Hùng,754200826,hoanghaihung714@vku.udn.vn,3,2,Không có,1,2024-07-03 17:00:00,NULL
1908,297,Bùi Hoàng Bình,378663096,buihoangbinh551@yahoo.com,2,2,Không có,1,2024-10-18 17:00:00,NULL
1909,263,Trần Đức Hương,909004943,tranduchuong898@hotmail.com,1,0,Không có,1,2024-12-08 17:00:00,NULL
1910,139,Hoàng Hữu Bình,672171204,hoanghuubinh844@vku.udn.vn,3,0,Không có,1,2024-06-19 17:00:00,NULL
1911,3,Hoàng Văn Mai,446042238,hoangvanmai176@yahoo.com,2,1,Không có,1,2024-11-18 17:00:00,NULL
1912,93,Hồ Minh Nam,396732829,hominhnam464@yahoo.com,1,1,Không có,1,2024-01-02 17:00:00,NULL
1913,390,Bùi Hải Long,774637858,buihailong779@gmail.com,2,0,Không có,1,2024-11-07 17:00:00,NULL
1914,321,Đỗ Hữu Trang,911072118,dohuutrang309@outlook.com,1,0,Không có,1,2024-04-25 17:00:00,NULL
1915,339,Phạm Minh Linh,821454127,phamminhlinh30@outlook.com,3,0,Không có,1,2024-01-02 17:00:00,NULL
1916,253,Vũ Đức Mai,932719211,vuducmai285@gmail.com,1,2,Không có,1,2024-07-29 17:00:00,NULL
1917,48,Hoàng Thanh Anh,902884927,hoangthanhanh158@hotmail.com,3,2,Không có,1,2024-06-07 17:00:00,NULL
1918,309,Lý Đức Hạnh,474484941,lyduchanh820@yahoo.com,2,2,Không có,1,2024-08-26 17:00:00,NULL
1919,126,Hồ Quốc Mai,888360796,hoquocmai199@vku.udn.vn,1,3,Không có,1,2024-07-25 17:00:00,NULL
1920,258,Ngô Minh Bình,549957310,ngominhbinh888@gmail.com,1,0,Không có,1,2024-11-17 17:00:00,NULL
1921,274,Nguyễn Đức Hương,909194872,nguyenduchuong970@gmail.com,3,0,Không có,1,2024-03-21 17:00:00,NULL
1922,269,Ngô Minh Phong,988227492,ngominhphong349@gmail.com,1,1,Không có,1,2024-01-14 17:00:00,NULL
1923,362,Phan Quốc Nam,890975123,phanquocnam339@hotmail.com,1,3,Không có,1,2024-06-16 17:00:00,NULL
1924,89,Nguyễn Thị Long,770016929,nguyenthilong139@yahoo.com,2,2,Không có,1,2024-06-09 17:00:00,NULL
1925,59,Võ Minh Anh,407259353,vominhanh979@outlook.com,2,3,Không có,1,2024-11-30 17:00:00,NULL
1926,17,Ngô Văn Dũng,427257185,ngovandung707@vku.udn.vn,1,0,Không có,1,2024-01-04 17:00:00,NULL
1927,281,Đặng Đức Hùng,821209849,dangduchung220@vku.udn.vn,3,0,Không có,1,2024-02-01 17:00:00,NULL
1928,92,Trần Văn Anh,911382669,tranvananh418@outlook.com,3,0,Không có,1,2024-07-09 17:00:00,NULL
1929,322,Hoàng Minh Dũng,761588882,hoangminhdung805@vku.udn.vn,3,0,Không có,1,2024-08-11 17:00:00,NULL
1930,294,Bùi Văn Trang,388029013,buivantrang430@vku.udn.vn,2,0,Không có,1,2024-09-07 17:00:00,NULL
1931,97,Ngô Đức Hùng,374887063,ngoduchung339@gmail.com,1,3,Không có,1,2024-04-03 17:00:00,NULL
1932,395,Võ Đức Mai,891916368,voducmai149@outlook.com,2,0,Không có,1,2024-06-30 17:00:00,NULL
1933,391,Đặng Hữu Hương,609268943,danghuuhuong449@outlook.com,1,1,Không có,1,2024-10-15 17:00:00,NULL
1934,26,Lê Thị Hùng,326482884,lethihung474@outlook.com,3,2,Không có,1,2024-01-04 17:00:00,NULL
1935,89,Đỗ Thanh Trang,414263314,dothanhtrang97@outlook.com,1,2,Không có,1,2024-02-03 17:00:00,NULL
1936,394,Đỗ Hữu Mai,613383963,dohuumai522@hotmail.com,2,0,Không có,1,2024-12-25 17:00:00,NULL
1937,363,Hoàng Minh Hùng,547538338,hoangminhhung124@yahoo.com,3,1,Không có,1,2024-06-07 17:00:00,NULL
1938,82,Vũ Thanh Trang,310960630,vuthanhtrang617@yahoo.com,3,0,Không có,1,2024-05-21 17:00:00,NULL
1939,9,Hồ Hải Mai,410848185,hohaimai368@yahoo.com,1,0,Không có,1,2024-05-20 17:00:00,NULL
1940,102,Phan Hoàng Dũng,790612024,phanhoangdung958@outlook.com,2,0,Không có,1,2024-01-24 17:00:00,NULL
1941,296,Đỗ Minh Mai,639492674,dominhmai952@gmail.com,3,1,Không có,1,2024-03-01 17:00:00,NULL
1942,359,Trần Đức Nam,736398872,tranducnam501@vku.udn.vn,1,3,Không có,1,2024-07-31 17:00:00,NULL
1943,256,Đặng Thị Hương,706448196,dangthihuong81@vku.udn.vn,1,0,Không có,1,2024-12-15 17:00:00,NULL
1944,325,Đỗ Minh Dũng,513814138,dominhdung151@gmail.com,2,3,Không có,1,2024-04-19 17:00:00,NULL
1945,53,Ngô Đức Hương,794923103,ngoduchuong138@hotmail.com,1,0,Không có,1,2024-12-29 17:00:00,NULL
1946,126,Dương Hải Phong,905284894,duonghaiphong746@outlook.com,3,0,Không có,1,2024-07-25 17:00:00,NULL
1947,360,Đỗ Hải Mai,318514813,dohaimai96@hotmail.com,1,2,Không có,1,2024-05-22 17:00:00,NULL
1948,259,Võ Thanh Cường,697478786,vothanhcuong364@yahoo.com,2,0,Không có,1,2024-07-22 17:00:00,NULL
1949,96,Lê Quốc Bình,356520835,lequocbinh956@hotmail.com,3,0,Không có,1,2024-03-09 17:00:00,NULL
1950,31,Đặng Thị Mai,682539703,dangthimai963@vku.udn.vn,1,0,Không có,1,2024-12-01 17:00:00,NULL
1951,64,Hồ Hữu Linh,794624179,hohuulinh911@vku.udn.vn,2,0,Không có,1,2024-10-11 17:00:00,NULL
1952,358,Lý Hoàng Nam,596641124,lyhoangnam570@gmail.com,3,0,Không có,1,2024-11-24 17:00:00,NULL
1953,311,Ngô Thị Linh,341580226,ngothilinh880@outlook.com,2,2,Không có,1,2024-01-31 17:00:00,NULL
1954,35,Trần Minh Cường,509237446,tranminhcuong328@outlook.com,1,1,Không có,1,2024-01-18 17:00:00,NULL
1955,373,Lý Hải Hùng,931924051,lyhaihung440@hotmail.com,3,0,Không có,1,2024-04-10 17:00:00,NULL
1956,129,Lê Hải Dũng,504122731,lehaidung717@vku.udn.vn,3,2,Không có,1,2024-12-02 17:00:00,NULL
1957,92,Phạm Quốc Linh,675818300,phamquoclinh90@vku.udn.vn,1,1,Không có,1,2024-12-18 17:00:00,NULL
1958,64,Trần Thanh Long,538651333,tranthanhlong866@vku.udn.vn,3,3,Không có,1,2024-01-19 17:00:00,NULL
1959,329,Võ Văn Nga,567574609,vovannga940@gmail.com,1,3,Không có,1,2024-04-19 17:00:00,NULL
1960,284,Nguyễn Quốc Nam,664323393,nguyenquocnam820@gmail.com,1,3,Không có,1,2024-11-11 17:00:00,NULL
1961,348,Ngô Hữu Hùng,416070149,ngohuuhung593@gmail.com,2,3,Không có,1,2024-05-18 17:00:00,NULL
1962,307,Hoàng Thanh Hương,342836793,hoangthanhhuong921@hotmail.com,2,0,Không có,1,2024-07-15 17:00:00,NULL
1963,140,Bùi Đức Trang,887467504,buiductrang329@outlook.com,2,0,Không có,1,2024-06-16 17:00:00,NULL
1964,97,Bùi Hải Bình,460708160,buihaibinh140@gmail.com,2,0,Không có,1,2024-05-08 17:00:00,NULL
1965,106,Trần Hữu Linh,548382474,tranhuulinh503@outlook.com,1,2,Không có,1,2024-08-23 17:00:00,NULL
1966,302,Phạm Thanh Dũng,981007818,phamthanhdung874@hotmail.com,1,0,Không có,1,2024-11-27 17:00:00,NULL
1967,96,Võ Quốc Hùng,987284827,voquochung290@vku.udn.vn,2,0,Không có,1,2024-03-21 17:00:00,NULL
1968,255,Vũ Thị Lan,669319644,vuthilan619@hotmail.com,3,0,Không có,1,2024-02-14 17:00:00,NULL
1969,343,Võ Thanh Lan,707083673,vothanhlan285@outlook.com,1,2,Không có,1,2024-11-10 17:00:00,NULL
1970,7,Hoàng Đức Bình,959365013,hoangducbinh874@hotmail.com,2,2,Không có,1,2024-03-22 17:00:00,NULL
1971,314,Đỗ Thu Linh,875757257,dothulinh340@gmail.com,1,0,Không có,1,2024-05-13 17:00:00,NULL
1972,138,Hồ Đức Trang,989927700,hoductrang686@vku.udn.vn,3,2,Không có,1,2024-04-23 17:00:00,NULL
1973,141,Dương Hải Phong,650924046,duonghaiphong45@outlook.com,2,2,Không có,1,2024-10-18 17:00:00,NULL
1974,344,Võ Văn Nam,879196799,vovannam54@hotmail.com,1,3,Không có,1,2024-06-02 17:00:00,NULL
1975,285,Phạm Thu Mai,450519597,phamthumai433@yahoo.com,3,1,Không có,1,2024-06-17 17:00:00,NULL
1976,43,Trần Đức Hương,698343846,tranduchuong556@vku.udn.vn,1,0,Không có,1,2024-04-05 17:00:00,NULL
1977,252,Phạm Đức Nga,946412689,phamducnga28@vku.udn.vn,3,3,Không có,1,2024-11-30 17:00:00,NULL
1978,149,Ngô Thanh Anh,900312454,ngothanhanh168@yahoo.com,3,0,Không có,1,2024-06-02 17:00:00,NULL
1979,84,Phan Quốc Trang,519484826,phanquoctrang111@yahoo.com,1,0,Không có,1,2024-11-14 17:00:00,NULL
1980,14,Ngô Hải Lan,769804556,ngohailan956@gmail.com,2,0,Không có,1,2024-08-26 17:00:00,NULL
1981,280,Hồ Văn Dũng,372370545,hovandung928@gmail.com,1,3,Không có,1,2024-05-21 17:00:00,NULL
1982,90,Ngô Hoàng Phong,397567679,ngohoangphong760@gmail.com,2,3,Không có,1,2024-03-07 17:00:00,NULL
1983,382,Bùi Văn Hương,763887247,buivanhuong753@hotmail.com,1,2,Không có,1,2024-11-23 17:00:00,NULL
1984,96,Ngô Hải Long,843087065,ngohailong152@hotmail.com,1,0,Không có,1,2024-11-22 17:00:00,NULL
1985,133,Trần Hữu Bình,428017741,tranhuubinh89@gmail.com,3,1,Không có,1,2024-09-04 17:00:00,NULL
1986,24,Hoàng Văn Phong,942381335,hoangvanphong645@yahoo.com,1,0,Không có,1,2024-11-09 17:00:00,NULL
1987,59,Đặng Hải Cường,687316452,danghaicuong168@gmail.com,2,0,Không có,1,2024-03-12 17:00:00,NULL
1988,3,Đặng Thu Mai,922889019,dangthumai521@vku.udn.vn,2,0,Không có,1,2024-05-29 17:00:00,NULL
1989,141,Bùi Thanh Dũng,833472728,buithanhdung807@outlook.com,2,2,Không có,1,2024-07-09 17:00:00,NULL
1990,265,Hoàng Hoàng Linh,926563708,hoanghoanglinh409@hotmail.com,2,2,Không có,1,2024-08-18 17:00:00,NULL
1991,149,Phạm Quốc Dũng,993371580,phamquocdung475@yahoo.com,2,0,Không có,1,2024-04-20 17:00:00,NULL
1992,254,Phan Minh Cường,531191390,phanminhcuong981@hotmail.com,1,0,Không có,1,2024-12-04 17:00:00,NULL
1993,117,Dương Thị Cường,401319576,duongthicuong871@yahoo.com,1,0,Không có,1,2024-10-19 17:00:00,NULL
1994,325,Đỗ Minh Dũng,513814138,dominhdung151@gmail.com,2,0,Không có,1,2024-05-31 17:00:00,NULL
1995,262,Dương Văn Dũng,334467368,duongvandung825@hotmail.com,1,0,Không có,1,2024-05-30 17:00:00,NULL
1996,41,Hoàng Hải Nga,420169592,hoanghainga940@vku.udn.vn,1,1,Không có,1,2024-01-23 17:00:00,NULL
1997,145,Vũ Văn Nam,302288094,vuvannam705@yahoo.com,1,0,Không có,1,2024-02-25 17:00:00,NULL
1998,85,Ngô Hữu Hùng,552268460,ngohuuhung251@vku.udn.vn,3,3,Không có,1,2024-04-05 17:00:00,NULL
1999,90,Lý Đức Hạnh,896796440,lyduchanh233@yahoo.com,1,2,Không có,1,2024-09-29 17:00:00,NULL
2000,300,Nguyễn Thu Hùng,411225158,nguyenthuhung962@yahoo.com,2,1,Không có,1,2024-09-14 17:00:00,NULL
2001,385,Lý Minh Cường,928492896,lyminhcuong447@outlook.com,1,3,Không có,1,2024-04-06 17:00:00,NULL
2002,379,Lý Minh Hạnh,452725050,lyminhhanh74@gmail.com,2,1,Không có,1,2024-04-04 17:00:00,NULL
2003,6,Vũ Thị Mai,418829934,vuthimai941@vku.udn.vn,2,2,Không có,1,2024-05-05 17:00:00,NULL
2004,94,Bùi Thị Cường,519193678,buithicuong332@outlook.com,2,2,Không có,1,2024-07-10 17:00:00,NULL
2005,7,Ngô Hoàng Linh,626968135,ngohoanglinh434@vku.udn.vn,1,1,Không có,1,2024-10-22 17:00:00,NULL
2006,144,Đỗ Thanh Dũng,875992495,dothanhdung409@vku.udn.vn,3,0,Không có,1,2024-02-26 17:00:00,NULL
2007,376,Nguyễn Quốc Mai,937599912,nguyenquocmai482@hotmail.com,2,0,Không có,1,2024-01-05 17:00:00,NULL
2008,251,Đỗ Thu Bình,934036506,dothubinh433@gmail.com,3,0,Không có,1,2024-10-04 17:00:00,NULL
2009,3,Hoàng Thị Nga,554006948,hoangthinga356@outlook.com,1,0,Không có,1,2024-06-16 17:00:00,NULL
2010,331,Bùi Thu Linh,888273030,buithulinh457@yahoo.com,3,2,Không có,1,2024-04-17 17:00:00,NULL
2011,332,Hoàng Đức Hạnh,984683755,hoangduchanh284@vku.udn.vn,1,3,Không có,1,2024-11-29 17:00:00,NULL
2012,65,Võ Minh Long,899820199,vominhlong352@outlook.com,2,0,Không có,1,2024-06-03 17:00:00,NULL
2013,326,Võ Hoàng Hạnh,378198716,vohoanghanh467@outlook.com,1,0,Không có,1,2024-03-31 17:00:00,NULL
2014,253,Vũ Đức Mai,932719211,vuducmai285@gmail.com,2,2,Không có,1,2024-06-05 17:00:00,NULL
2015,6,Nguyễn Đức Linh,398144918,nguyenduclinh131@yahoo.com,1,3,Không có,1,2024-06-18 17:00:00,NULL
2016,344,Võ Văn Nam,879196799,vovannam54@hotmail.com,3,0,Không có,1,2024-09-09 17:00:00,NULL
2017,267,Ngô Quốc Trang,368212356,ngoquoctrang395@outlook.com,3,0,Không có,1,2024-10-25 17:00:00,NULL
2018,54,Lý Văn Nga,690061214,lyvannga873@gmail.com,2,2,Không có,1,2024-07-06 17:00:00,NULL
2019,112,Phan Hoàng Hùng,793343922,phanhoanghung720@vku.udn.vn,1,0,Không có,1,2024-09-26 17:00:00,NULL
2020,251,Đỗ Thu Bình,934036506,dothubinh433@gmail.com,1,3,Không có,1,2024-04-22 17:00:00,NULL
2021,362,Phan Quốc Nam,890975123,phanquocnam339@hotmail.com,1,0,Không có,1,2024-03-29 17:00:00,NULL
2022,35,Hồ Đức Mai,353689819,hoducmai832@vku.udn.vn,1,2,Không có,1,2024-12-19 17:00:00,NULL
2023,298,Lê Thanh Hương,373864104,lethanhhuong901@yahoo.com,1,0,Không có,1,2024-07-11 17:00:00,NULL
2024,29,Lý Đức Hạnh,475799272,lyduchanh954@hotmail.com,1,3,Không có,1,2024-01-24 17:00:00,NULL
2025,90,Hồ Thị Hạnh,492360970,hothihanh607@gmail.com,1,0,Không có,1,2024-11-20 17:00:00,NULL
2026,256,Đặng Thị Hương,706448196,dangthihuong81@vku.udn.vn,2,0,Không có,1,2024-02-10 17:00:00,NULL
2027,303,Hoàng Văn Bình,981057736,hoangvanbinh434@hotmail.com,3,0,Không có,1,2024-04-20 17:00:00,NULL
2028,44,Dương Thị Mai,350459504,duongthimai480@vku.udn.vn,2,0,Không có,1,2024-05-19 17:00:00,NULL
2029,78,Đặng Văn Phong,312765430,dangvanphong740@outlook.com,3,0,Không có,1,2024-04-22 17:00:00,NULL
2030,305,Đặng Văn Bình,380792472,dangvanbinh968@yahoo.com,2,0,Không có,1,2024-10-20 17:00:00,NULL
2031,264,Vũ Hải Cường,584412919,vuhaicuong143@yahoo.com,1,2,Không có,1,2024-01-21 17:00:00,NULL
2032,111,Lý Hải Bình,847240037,lyhaibinh223@hotmail.com,3,2,Không có,1,2024-06-23 17:00:00,NULL
2033,308,Đỗ Thị Lan,901170349,dothilan906@outlook.com,1,0,Không có,1,2024-11-11 17:00:00,NULL
2034,295,Phan Minh Dũng,637352358,phanminhdung245@hotmail.com,2,3,Không có,1,2024-06-30 17:00:00,NULL
2035,96,Lê Thu Bình,575333978,lethubinh387@hotmail.com,1,3,Không có,1,2024-11-27 17:00:00,NULL
2036,314,Đỗ Thu Linh,875757257,dothulinh340@gmail.com,2,0,Không có,1,2024-06-13 17:00:00,NULL
2037,66,Vũ Đức Linh,410003340,vuduclinh138@vku.udn.vn,2,3,Không có,1,2024-03-09 17:00:00,NULL
2038,62,Võ Quốc Hùng,972909894,voquochung712@vku.udn.vn,3,0,Không có,1,2024-04-17 17:00:00,NULL
2039,266,Đặng Hải Bình,350590821,danghaibinh882@gmail.com,2,0,Không có,1,2024-10-01 17:00:00,NULL
2040,103,Phạm Minh Dũng,861263584,phamminhdung605@vku.udn.vn,1,2,Không có,1,2024-02-23 17:00:00,NULL
2041,10,Đặng Quốc Anh,437134323,dangquocanh191@vku.udn.vn,2,0,Không có,1,2024-11-04 17:00:00,NULL
2042,281,Đặng Đức Hùng,821209849,dangduchung220@vku.udn.vn,3,0,Không có,1,2024-02-03 17:00:00,NULL
2043,71,Bùi Đức Cường,557910663,buiduccuong278@hotmail.com,3,3,Không có,1,2024-01-10 17:00:00,NULL
2044,341,Nguyễn Quốc Trang,906011277,nguyenquoctrang679@gmail.com,1,1,Không có,1,2024-05-09 17:00:00,NULL
2045,255,Vũ Thị Lan,669319644,vuthilan619@hotmail.com,1,0,Không có,1,2024-03-28 17:00:00,NULL
2046,53,Lý Hữu Phong,938400523,lyhuuphong36@gmail.com,2,0,Không có,1,2024-01-06 17:00:00,NULL
2047,381,Hồ Quốc Hùng,837377910,hoquochung553@outlook.com,1,0,Không có,1,2024-08-30 17:00:00,NULL
2048,273,Phan Hải Anh,420117054,phanhaianh952@hotmail.com,1,0,Không có,1,2024-11-10 17:00:00,NULL
2049,50,Lê Thị Anh,639531501,lethianh824@hotmail.com,3,0,Không có,1,2024-09-16 17:00:00,NULL
2050,60,Vũ Văn Cường,623770079,vuvancuong845@yahoo.com,2,0,Không có,1,2024-08-29 17:00:00,NULL
2051,112,Lý Hữu Linh,523600426,lyhuulinh632@gmail.com,3,0,Không có,1,2024-10-24 17:00:00,NULL
2052,43,Phan Thị Linh,413568279,phanthilinh38@yahoo.com,1,2,Không có,1,2024-12-11 17:00:00,NULL
2053,49,Đỗ Quốc Cường,707344545,doquoccuong220@outlook.com,1,0,Không có,1,2024-11-05 17:00:00,NULL
2054,327,Phạm Quốc Mai,729123992,phamquocmai250@yahoo.com,1,1,Không có,1,2024-09-07 17:00:00,NULL
2055,395,Võ Đức Mai,891916368,voducmai149@outlook.com,2,2,Không có,1,2024-04-10 17:00:00,NULL
2056,23,Lê Văn Cường,513998737,levancuong68@yahoo.com,3,3,Không có,1,2024-10-19 17:00:00,NULL
2057,114,Phạm Hoàng Bình,303606363,phamhoangbinh627@gmail.com,3,2,Không có,1,2024-05-06 17:00:00,NULL
2058,14,Ngô Hoàng Nam,348027855,ngohoangnam471@vku.udn.vn,2,0,Không có,1,2024-04-29 17:00:00,NULL
2059,381,Hồ Quốc Hùng,837377910,hoquochung553@outlook.com,1,1,Không có,1,2024-07-16 17:00:00,NULL
2060,63,Phan Thu Cường,631835534,phanthucuong778@vku.udn.vn,1,0,Không có,1,2024-02-11 17:00:00,NULL
2061,30,Đỗ Đức Nga,610296315,doducnga458@vku.udn.vn,1,0,Không có,1,2024-03-11 17:00:00,NULL
2062,303,Hoàng Văn Bình,981057736,hoangvanbinh434@hotmail.com,2,3,Không có,1,2024-09-10 17:00:00,NULL
2063,335,Hồ Đức Bình,745461013,hoducbinh418@hotmail.com,1,2,Không có,1,2024-03-21 17:00:00,NULL
2064,62,Lý Văn Anh,485642492,lyvananh476@vku.udn.vn,1,0,Không có,1,2024-06-25 17:00:00,NULL
2065,337,Dương Hoàng Linh,812153089,duonghoanglinh7@hotmail.com,1,3,Không có,1,2024-04-11 17:00:00,NULL
2066,138,Dương Minh Hùng,627986788,duongminhhung391@gmail.com,3,0,Không có,1,2024-09-10 17:00:00,NULL
2067,328,Lý Thị Phong,756497252,lythiphong225@yahoo.com,2,3,Không có,1,2024-01-12 17:00:00,NULL
2068,79,Ngô Thị Nam,792683540,ngothinam696@yahoo.com,3,0,Không có,1,2024-02-11 17:00:00,NULL
2069,307,Hoàng Thanh Hương,342836793,hoangthanhhuong921@hotmail.com,2,1,Không có,1,2024-07-27 17:00:00,NULL
2070,84,Hoàng Thu Trang,456309347,hoangthutrang495@hotmail.com,1,0,Không có,1,2024-01-07 17:00:00,NULL
2071,263,Trần Đức Hương,909004943,tranduchuong898@hotmail.com,1,0,Không có,1,2024-06-05 17:00:00,NULL
2072,80,Nguyễn Quốc Long,603927890,nguyenquoclong708@hotmail.com,3,0,Không có,1,2024-11-04 17:00:00,NULL
2073,66,Nguyễn Quốc Dũng,662240948,nguyenquocdung315@yahoo.com,3,2,Không có,1,2024-10-05 17:00:00,NULL
2074,359,Trần Đức Nam,736398872,tranducnam501@vku.udn.vn,2,0,Không có,1,2024-10-26 17:00:00,NULL
2075,145,Dương Đức Mai,989191955,duongducmai146@gmail.com,3,1,Không có,1,2024-01-15 17:00:00,NULL
2076,30,Trần Minh Anh,525331808,tranminhanh961@gmail.com,2,1,Không có,1,2024-02-22 17:00:00,NULL
2077,126,Lý Hữu Phong,962325843,lyhuuphong963@hotmail.com,1,3,Không có,1,2024-11-28 17:00:00,NULL
2078,362,Phan Quốc Nam,890975123,phanquocnam339@hotmail.com,1,1,Không có,1,2024-09-24 17:00:00,NULL
2079,64,Hồ Đức Mai,413584298,hoducmai115@outlook.com,2,0,Không có,1,2024-09-23 17:00:00,NULL
2080,354,Bùi Thu Phong,819151495,buithuphong477@outlook.com,1,0,Không có,1,2024-06-21 17:00:00,NULL
2081,149,Phạm Hữu Dũng,499955363,phamhuudung898@outlook.com,1,0,Không có,1,2024-08-25 17:00:00,NULL
2082,303,Hoàng Văn Bình,981057736,hoangvanbinh434@hotmail.com,2,1,Không có,1,2024-10-08 17:00:00,NULL
2083,75,Lý Văn Dũng,349843804,lyvandung203@hotmail.com,3,2,Không có,1,2024-07-26 17:00:00,NULL
2084,83,Trần Đức Anh,415037392,tranducanh11@hotmail.com,3,1,Không có,1,2024-10-21 17:00:00,NULL
2085,289,Hoàng Hải Hùng,754200826,hoanghaihung714@vku.udn.vn,2,2,Không có,1,2024-12-30 17:00:00,NULL
2086,49,Đặng Hoàng Phong,643658910,danghoangphong435@gmail.com,2,0,Không có,1,2024-05-20 17:00:00,NULL
2087,355,Phan Đức Hạnh,393053577,phanduchanh286@outlook.com,2,0,Không có,1,2024-10-29 17:00:00,NULL
2088,339,Phạm Minh Linh,821454127,phamminhlinh30@outlook.com,3,1,Không có,1,2024-02-02 17:00:00,NULL
2089,34,Dương Minh Nga,792867625,duongminhnga867@hotmail.com,3,0,Không có,1,2024-09-27 17:00:00,NULL
2090,299,Lê Hải Hạnh,883275843,lehaihanh721@hotmail.com,3,2,Không có,1,2024-07-19 17:00:00,NULL
2091,256,Đặng Thị Hương,706448196,dangthihuong81@vku.udn.vn,1,3,Không có,1,2024-01-05 17:00:00,NULL
2092,286,Phạm Thị Mai,890907304,phamthimai101@gmail.com,3,2,Không có,1,2024-11-05 17:00:00,NULL
2093,304,Phan Hữu Long,581272327,phanhuulong166@outlook.com,3,2,Không có,1,2024-07-07 17:00:00,NULL
2094,77,Phan Đức Long,741838199,phanduclong672@hotmail.com,2,0,Không có,1,2024-06-15 17:00:00,NULL
2095,84,Dương Quốc Nam,789026761,duongquocnam858@yahoo.com,3,0,Không có,1,2024-09-25 17:00:00,NULL
2096,64,Hoàng Minh Hạnh,919682691,hoangminhhanh566@outlook.com,3,0,Không có,1,2024-01-29 17:00:00,NULL
2097,19,Nguyễn Hữu Nam,890121043,nguyenhuunam424@vku.udn.vn,1,0,Không có,1,2024-10-22 17:00:00,NULL
2098,42,Lý Đức Mai,667685023,lyducmai909@gmail.com,3,0,Không có,1,2024-08-17 17:00:00,NULL
2099,104,Lê Hoàng Hùng,765178496,lehoanghung802@outlook.com,1,2,Không có,1,2024-05-08 17:00:00,NULL
2100,384,Bùi Văn Phong,488109614,buivanphong482@vku.udn.vn,3,0,Không có,1,2024-03-05 17:00:00,NULL
2101,84,Lê Quốc Nam,724270670,lequocnam430@outlook.com,3,0,Không có,1,2024-11-28 17:00:00,NULL
2102,90,Võ Văn Nga,766915622,vovannga880@vku.udn.vn,2,0,Không có,1,2024-04-14 17:00:00,NULL
2103,26,Đặng Hoàng Hương,541775047,danghoanghuong36@vku.udn.vn,1,0,Không có,1,2024-06-01 17:00:00,NULL
2104,37,Hoàng Thanh Phong,542704655,hoangthanhphong736@gmail.com,2,2,Không có,1,2024-06-24 17:00:00,NULL
2105,361,Hồ Đức Hùng,924440558,hoduchung378@outlook.com,1,1,Không có,1,2024-11-14 17:00:00,NULL
2106,86,Trần Hữu Hương,777096795,tranhuuhuong594@gmail.com,2,2,Không có,1,2024-06-25 17:00:00,NULL
2107,71,Hoàng Hữu Bình,712242536,hoanghuubinh929@gmail.com,1,2,Không có,1,2024-07-23 17:00:00,NULL
2108,140,Võ Thị Nam,817132938,vothinam235@gmail.com,2,0,Không có,1,2024-06-23 17:00:00,NULL
2109,345,Ngô Văn Phong,333318206,ngovanphong973@yahoo.com,2,0,Không có,1,2024-07-14 17:00:00,NULL
2110,34,Hồ Hữu Bình,621599311,hohuubinh596@gmail.com,1,3,Không có,1,2024-06-17 17:00:00,NULL
2111,131,Ngô Thị Trang,624818833,ngothitrang185@gmail.com,3,1,Không có,1,2024-12-27 17:00:00,NULL
2112,90,Đỗ Minh Linh,858093774,dominhlinh282@gmail.com,2,3,Không có,1,2024-07-01 17:00:00,NULL
2113,372,Bùi Hoàng Phong,964021648,buihoangphong232@vku.udn.vn,3,2,Không có,1,2024-12-23 17:00:00,NULL
2114,67,Lê Thu Cường,676199474,lethucuong177@yahoo.com,1,0,Không có,1,2024-11-21 17:00:00,NULL
2115,9,Ngô Văn Trang,723504172,ngovantrang720@outlook.com,1,3,Không có,1,2024-05-19 17:00:00,NULL
2116,287,Dương Văn Bình,553810544,duongvanbinh171@outlook.com,3,0,Không có,1,2024-08-31 17:00:00,NULL
2117,71,Vũ Văn Hương,795428333,vuvanhuong542@yahoo.com,2,3,Không có,1,2024-02-13 17:00:00,NULL
2118,345,Ngô Văn Phong,333318206,ngovanphong973@yahoo.com,2,0,Không có,1,2024-04-20 17:00:00,NULL
2119,78,Hồ Thị Linh,514801657,hothilinh307@yahoo.com,3,0,Không có,1,2024-04-10 17:00:00,NULL
2120,250,Đỗ Thị Anh,595310485,dothianh251@yahoo.com,2,1,Không có,1,2024-03-31 17:00:00,NULL
2121,277,Lý Thu Phong,515984311,lythuphong731@hotmail.com,1,0,Không có,1,2024-09-09 17:00:00,NULL
2122,42,Võ Hoàng Phong,685403961,vohoangphong12@yahoo.com,2,2,Không có,1,2024-06-24 17:00:00,NULL
2123,325,Đỗ Minh Dũng,513814138,dominhdung151@gmail.com,2,3,Không có,1,2024-10-30 17:00:00,NULL
2124,92,Võ Thu Bình,353591476,vothubinh269@outlook.com,2,1,Không có,1,2024-10-28 17:00:00,NULL
2125,313,Đỗ Đức Linh,652468587,doduclinh286@gmail.com,2,3,Không có,1,2024-09-14 17:00:00,NULL
2126,386,Phan Quốc Lan,644733679,phanquoclan687@gmail.com,2,3,Không có,1,2024-09-21 17:00:00,NULL
2127,88,Vũ Quốc Anh,544698907,vuquocanh346@gmail.com,3,0,Không có,1,2024-12-22 17:00:00,NULL
2128,363,Hoàng Minh Hùng,547538338,hoangminhhung124@yahoo.com,2,3,Không có,1,2024-09-03 17:00:00,NULL
2129,64,Bùi Văn Phong,845552379,buivanphong525@outlook.com,3,2,Không có,1,2024-08-02 17:00:00,NULL
2130,323,Võ Hải Mai,529460134,vohaimai524@outlook.com,3,0,Không có,1,2024-07-16 17:00:00,NULL
2131,268,Đặng Minh Nga,312327652,dangminhnga697@gmail.com,3,1,Không có,1,2024-02-29 17:00:00,NULL
2132,329,Võ Văn Nga,567574609,vovannga940@gmail.com,3,3,Không có,1,2024-04-04 17:00:00,NULL
2133,10,Hồ Thanh Hương,550590317,hothanhhuong788@yahoo.com,2,0,Không có,1,2024-12-09 17:00:00,NULL
2134,252,Phạm Đức Nga,946412689,phamducnga28@vku.udn.vn,1,0,Không có,1,2024-02-13 17:00:00,NULL
2135,94,Phạm Thu Hương,563450775,phamthuhuong525@hotmail.com,1,3,Không có,1,2024-04-06 17:00:00,NULL
2136,344,Võ Văn Nam,879196799,vovannam54@hotmail.com,3,0,Không có,1,2024-11-23 17:00:00,NULL
2137,271,Lý Thị Hạnh,971410971,lythihanh306@vku.udn.vn,3,0,Không có,1,2024-02-27 17:00:00,NULL
2138,24,Lê Quốc Cường,944930437,lequoccuong542@yahoo.com,2,2,Không có,1,2024-09-18 17:00:00,NULL
2139,367,Lê Minh Anh,358546865,leminhanh567@hotmail.com,2,2,Không có,1,2024-11-23 17:00:00,NULL
2140,303,Hoàng Văn Bình,981057736,hoangvanbinh434@hotmail.com,1,3,Không có,1,2024-01-08 17:00:00,NULL
2141,351,Phan Thu Linh,697897455,phanthulinh71@vku.udn.vn,2,2,Không có,1,2024-12-03 17:00:00,NULL
2142,33,Dương Minh Anh,538699132,duongminhanh361@hotmail.com,3,1,Không có,1,2023-12-31 17:00:00,NULL
2143,133,Dương Thu Nga,678255806,duongthunga151@gmail.com,3,2,Không có,1,2024-05-21 17:00:00,NULL
2144,334,Lý Thu Bình,448578017,lythubinh155@yahoo.com,1,1,Không có,1,2024-12-29 17:00:00,NULL
2145,148,Bùi Thu Linh,741016864,buithulinh189@yahoo.com,3,2,Không có,1,2024-12-06 17:00:00,NULL
2146,82,Võ Hải Mai,699613352,vohaimai626@yahoo.com,2,0,Không có,1,2024-10-09 17:00:00,NULL
2147,257,Lý Thanh Trang,506468299,lythanhtrang722@gmail.com,2,0,Không có,1,2024-09-23 17:00:00,NULL
2148,46,Lê Hoàng Nam,627447945,lehoangnam765@gmail.com,3,3,Không có,1,2024-02-03 17:00:00,NULL
2149,119,Lê Thu Mai,935050348,lethumai136@gmail.com,3,2,Không có,1,2024-04-20 17:00:00,NULL
2150,299,Lê Hải Hạnh,883275843,lehaihanh721@hotmail.com,2,0,Không có,1,2024-01-05 17:00:00,NULL
2151,322,Hoàng Minh Dũng,761588882,hoangminhdung805@vku.udn.vn,3,0,Không có,1,2024-03-04 17:00:00,NULL
2152,289,Hoàng Hải Hùng,754200826,hoanghaihung714@vku.udn.vn,2,0,Không có,1,2024-11-10 17:00:00,NULL
2153,251,Đỗ Thu Bình,934036506,dothubinh433@gmail.com,1,3,Không có,1,2024-09-07 17:00:00,NULL
2154,353,Hồ Hữu Linh,489125618,hohuulinh752@vku.udn.vn,1,0,Không có,1,2024-09-10 17:00:00,NULL
2155,273,Phan Hải Anh,420117054,phanhaianh952@hotmail.com,2,0,Không có,1,2024-04-08 17:00:00,NULL
2156,384,Bùi Văn Phong,488109614,buivanphong482@vku.udn.vn,1,0,Không có,1,2024-01-13 17:00:00,NULL
2157,42,Bùi Thanh Bình,711808619,buithanhbinh275@hotmail.com,1,0,Không có,1,2024-02-14 17:00:00,NULL
2158,21,Lý Hải Hùng,721336947,lyhaihung278@vku.udn.vn,3,0,Không có,1,2024-06-25 17:00:00,NULL
2159,4,Ngô Đức Trang,460643932,ngoductrang946@vku.udn.vn,1,0,Không có,1,2024-06-07 17:00:00,NULL
2160,379,Lý Minh Hạnh,452725050,lyminhhanh74@gmail.com,3,0,Không có,1,2024-07-19 17:00:00,NULL
2161,381,Hồ Quốc Hùng,837377910,hoquochung553@outlook.com,3,3,Không có,1,2024-12-02 17:00:00,NULL
2162,276,Đặng Hữu Hùng,866585408,danghuuhung894@vku.udn.vn,1,0,Không có,1,2024-04-13 17:00:00,NULL
2163,13,Nguyễn Thị Trang,399489074,nguyenthitrang717@vku.udn.vn,3,3,Không có,1,2024-09-05 17:00:00,NULL
2164,147,Trần Thanh Nga,663465209,tranthanhnga283@vku.udn.vn,3,0,Không có,1,2024-12-13 17:00:00,NULL
2165,84,Hồ Minh Hùng,871040145,hominhhung492@gmail.com,3,3,Không có,1,2024-12-12 17:00:00,NULL
2166,103,Bùi Minh Linh,716059851,buiminhlinh898@outlook.com,2,0,Không có,1,2024-07-17 17:00:00,NULL
2167,398,Dương Hữu Mai,878296492,duonghuumai496@hotmail.com,1,0,Không có,1,2024-01-06 17:00:00,NULL
2168,351,Phan Thu Linh,697897455,phanthulinh71@vku.udn.vn,1,0,Không có,1,2024-07-16 17:00:00,NULL
2169,305,Đặng Văn Bình,380792472,dangvanbinh968@yahoo.com,2,0,Không có,1,2024-07-07 17:00:00,NULL
2170,87,Lê Đức Phong,698387677,leducphong966@outlook.com,3,1,Không có,1,2024-03-13 17:00:00,NULL
2171,290,Lê Đức Hùng,533754555,leduchung992@gmail.com,2,0,Không có,1,2024-01-21 17:00:00,NULL
2172,73,Đặng Văn Long,888436302,dangvanlong575@gmail.com,3,1,Không có,1,2024-12-20 17:00:00,NULL
2173,292,Lê Văn Nga,386019028,levannga872@yahoo.com,1,1,Không có,1,2024-06-09 17:00:00,NULL
2174,261,Võ Quốc Hùng,987194506,voquochung705@vku.udn.vn,2,0,Không có,1,2024-01-05 17:00:00,NULL
2175,289,Hoàng Hải Hùng,754200826,hoanghaihung714@vku.udn.vn,2,0,Không có,1,2024-12-13 17:00:00,NULL
2176,41,Trần Thanh Nam,926554808,tranthanhnam962@outlook.com,1,0,Không có,1,2024-01-28 17:00:00,NULL
2177,338,Dương Quốc Nga,886405096,duongquocnga820@vku.udn.vn,2,0,Không có,1,2024-08-09 17:00:00,NULL
2178,305,Đặng Văn Bình,380792472,dangvanbinh968@yahoo.com,3,0,Không có,1,2024-01-25 17:00:00,NULL
2179,380,Bùi Hoàng Hương,609893263,buihoanghuong450@gmail.com,2,0,Không có,1,2024-10-14 17:00:00,NULL
2180,114,Dương Thu Hương,557776491,duongthuhuong137@hotmail.com,1,1,Không có,1,2024-04-16 17:00:00,NULL
2181,98,Nguyễn Hữu Dũng,323290626,nguyenhuudung703@yahoo.com,3,0,Không có,1,2024-04-30 17:00:00,NULL
2182,131,Phạm Minh Mai,949237951,phamminhmai676@gmail.com,3,2,Không có,1,2024-04-25 17:00:00,NULL
2183,326,Võ Hoàng Hạnh,378198716,vohoanghanh467@outlook.com,3,0,Không có,1,2024-01-15 17:00:00,NULL
2184,342,Lê Hải Cường,353992714,lehaicuong267@outlook.com,1,0,Không có,1,2024-07-21 17:00:00,NULL
2185,72,Nguyễn Quốc Mai,843677956,nguyenquocmai801@hotmail.com,1,1,Không có,1,2024-12-27 17:00:00,NULL
2186,335,Hồ Đức Bình,745461013,hoducbinh418@hotmail.com,3,1,Không có,1,2024-08-07 17:00:00,NULL
2187,100,Phan Hoàng Mai,524267921,phanhoangmai662@vku.udn.vn,1,2,Không có,1,2024-05-13 17:00:00,NULL
2188,397,Hoàng Văn Hùng,620571903,hoangvanhung858@vku.udn.vn,1,0,Không có,1,2024-05-10 17:00:00,NULL
2189,326,Võ Hoàng Hạnh,378198716,vohoanghanh467@outlook.com,1,0,Không có,1,2024-04-22 17:00:00,NULL
2190,383,Nguyễn Thị Dũng,917615339,nguyenthidung602@gmail.com,2,0,Không có,1,2024-06-16 17:00:00,NULL
2191,339,Phạm Minh Linh,821454127,phamminhlinh30@outlook.com,2,2,Không có,1,2024-09-18 17:00:00,NULL
2192,382,Bùi Văn Hương,763887247,buivanhuong753@hotmail.com,3,3,Không có,1,2024-02-03 17:00:00,NULL
2193,303,Hoàng Văn Bình,981057736,hoangvanbinh434@hotmail.com,3,1,Không có,1,2024-11-14 17:00:00,NULL
2194,64,Vũ Thanh Lan,782774283,vuthanhlan923@hotmail.com,3,2,Không có,1,2024-07-31 17:00:00,NULL
2195,54,Đặng Quốc Phong,612641556,dangquocphong544@yahoo.com,3,0,Không có,1,2024-05-19 17:00:00,NULL
2196,285,Phạm Thu Mai,450519597,phamthumai433@yahoo.com,1,2,Không có,1,2024-02-23 17:00:00,NULL
2197,344,Võ Văn Nam,879196799,vovannam54@hotmail.com,3,0,Không có,1,2024-04-12 17:00:00,NULL
2198,265,Hoàng Hoàng Linh,926563708,hoanghoanglinh409@hotmail.com,1,0,Không có,1,2024-01-10 17:00:00,NULL
2199,365,Hồ Hoàng Phong,863324548,hohoangphong612@hotmail.com,3,0,Không có,1,2024-12-20 17:00:00,NULL
2200,399,Ngô Thu Linh,788922557,ngothulinh956@hotmail.com,1,2,Không có,1,2024-10-31 17:00:00,NULL
2201,140,Phạm Thanh Phong,828434502,phamthanhphong789@outlook.com,2,2,Không có,1,2024-09-25 17:00:00,NULL
2202,383,Nguyễn Thị Dũng,917615339,nguyenthidung602@gmail.com,1,0,Không có,1,2024-03-26 17:00:00,NULL
2203,146,Võ Minh Nga,689311064,vominhnga448@outlook.com,3,0,Không có,1,2024-01-20 17:00:00,NULL
2204,61,Ngô Thu Hạnh,596839909,ngothuhanh406@vku.udn.vn,1,2,Không có,1,2024-12-16 17:00:00,NULL
2205,318,Phan Quốc Bình,654549587,phanquocbinh639@hotmail.com,1,1,Không có,1,2024-08-06 17:00:00,NULL
2206,299,Lê Hải Hạnh,883275843,lehaihanh721@hotmail.com,1,1,Không có,1,2024-07-08 17:00:00,NULL
2207,383,Nguyễn Thị Dũng,917615339,nguyenthidung602@gmail.com,1,0,Không có,1,2024-03-13 17:00:00,NULL
2208,344,Võ Văn Nam,879196799,vovannam54@hotmail.com,3,2,Không có,1,2024-06-09 17:00:00,NULL
2209,268,Đặng Minh Nga,312327652,dangminhnga697@gmail.com,3,2,Không có,1,2024-09-10 17:00:00,NULL
2210,23,Bùi Văn Nga,696848415,buivannga595@hotmail.com,3,2,Không có,1,2024-09-19 17:00:00,NULL
2211,302,Phạm Thanh Dũng,981007818,phamthanhdung874@hotmail.com,1,3,Không có,1,2024-10-07 17:00:00,NULL
2212,48,Ngô Hữu Hạnh,996703831,ngohuuhanh828@gmail.com,2,0,Không có,1,2024-10-16 17:00:00,NULL
2213,301,Lý Thị Nam,894019365,lythinam160@hotmail.com,3,2,Không có,1,2024-04-21 17:00:00,NULL
2214,258,Ngô Minh Bình,549957310,ngominhbinh888@gmail.com,3,0,Không có,1,2024-01-22 17:00:00,NULL
2215,331,Bùi Thu Linh,888273030,buithulinh457@yahoo.com,2,0,Không có,1,2024-02-20 17:00:00,NULL
2216,146,Trần Minh Hương,999436182,tranminhhuong495@gmail.com,3,0,Không có,1,2024-09-16 17:00:00,NULL
2217,81,Bùi Thị Nam,985981564,buithinam39@vku.udn.vn,2,1,Không có,1,2024-04-10 17:00:00,NULL
2218,331,Bùi Thu Linh,888273030,buithulinh457@yahoo.com,2,1,Không có,1,2024-11-22 17:00:00,NULL
2219,36,Phan Hoàng Mai,471977961,phanhoangmai375@outlook.com,3,3,Không có,1,2024-09-01 17:00:00,NULL
2220,86,Đặng Đức Trang,325733285,dangductrang444@outlook.com,2,0,Không có,1,2024-02-15 17:00:00,NULL
2221,93,Hồ Hoàng Bình,774543904,hohoangbinh435@gmail.com,1,0,Không có,1,2024-10-04 17:00:00,NULL
2222,9,Phạm Minh Hạnh,715112849,phamminhhanh281@outlook.com,3,0,Không có,1,2024-07-25 17:00:00,NULL
2223,133,Vũ Minh Long,516125325,vuminhlong653@yahoo.com,1,0,Không có,1,2024-05-26 17:00:00,NULL
2224,62,Vũ Quốc Bình,636561786,vuquocbinh2@yahoo.com,3,1,Không có,1,2024-08-18 17:00:00,NULL
2225,145,Lý Đức Nam,894559557,lyducnam449@outlook.com,1,1,Không có,1,2024-03-08 17:00:00,NULL
2226,16,Lý Minh Cường,356421407,lyminhcuong890@outlook.com,1,2,Không có,1,2024-02-01 17:00:00,NULL
2227,68,Võ Hải Linh,399516060,vohailinh872@hotmail.com,2,2,Không có,1,2024-11-24 17:00:00,NULL
2228,133,Ngô Đức Dũng,687832545,ngoducdung68@hotmail.com,2,1,Không có,1,2024-04-01 17:00:00,NULL
2229,50,Trần Hữu Hạnh,610862464,tranhuuhanh705@gmail.com,1,2,Không có,1,2024-09-25 17:00:00,NULL
2230,360,Đỗ Hải Mai,318514813,dohaimai96@hotmail.com,1,0,Không có,1,2024-05-03 17:00:00,NULL
2231,349,Đỗ Quốc Linh,512954978,doquoclinh78@vku.udn.vn,3,3,Không có,1,2024-01-07 17:00:00,NULL
2232,383,Nguyễn Thị Dũng,917615339,nguyenthidung602@gmail.com,3,3,Không có,1,2024-05-04 17:00:00,NULL
2233,12,Vũ Hải Anh,380947105,vuhaianh106@hotmail.com,2,0,Không có,1,2024-02-17 17:00:00,NULL
2234,392,Đỗ Hoàng Phong,556943695,dohoangphong727@yahoo.com,1,0,Không có,1,2024-08-04 17:00:00,NULL
2235,74,Phạm Hoàng Bình,989065600,phamhoangbinh198@yahoo.com,1,0,Không có,1,2024-02-07 17:00:00,NULL
2236,148,Vũ Văn Cường,849754558,vuvancuong271@vku.udn.vn,2,1,Không có,1,2024-04-04 17:00:00,NULL
2237,396,Đặng Hữu Hạnh,374958005,danghuuhanh283@outlook.com,3,0,Không có,1,2024-11-13 17:00:00,NULL
2238,391,Đặng Hữu Hương,609268943,danghuuhuong449@outlook.com,2,0,Không có,1,2024-03-20 17:00:00,NULL
2239,292,Lê Văn Nga,386019028,levannga872@yahoo.com,2,3,Không có,1,2024-03-21 17:00:00,NULL
2240,80,Hồ Thu Hương,591470920,hothuhuong230@hotmail.com,1,3,Không có,1,2024-02-10 17:00:00,NULL
2241,271,Lý Thị Hạnh,971410971,lythihanh306@vku.udn.vn,3,2,Không có,1,2024-12-07 17:00:00,NULL
2242,315,Lê Hoàng Hùng,341078352,lehoanghung112@vku.udn.vn,1,0,Không có,1,2024-02-20 17:00:00,NULL
2243,5,Hồ Minh Trang,441535182,hominhtrang213@gmail.com,1,0,Không có,1,2024-10-09 17:00:00,NULL
2244,76,Hồ Hoàng Hạnh,977111434,hohoanghanh826@vku.udn.vn,2,0,Không có,1,2024-07-25 17:00:00,NULL
2245,338,Dương Quốc Nga,886405096,duongquocnga820@vku.udn.vn,1,0,Không có,1,2024-07-28 17:00:00,NULL
2246,302,Phạm Thanh Dũng,981007818,phamthanhdung874@hotmail.com,1,0,Không có,1,2024-02-27 17:00:00,NULL
2247,54,Trần Minh Hương,411378694,tranminhhuong558@gmail.com,2,0,Không có,1,2024-01-31 17:00:00,NULL
2248,399,Ngô Thu Linh,788922557,ngothulinh956@hotmail.com,1,1,Không có,1,2024-11-30 17:00:00,NULL
2249,381,Hồ Quốc Hùng,837377910,hoquochung553@outlook.com,3,3,Không có,1,2024-05-05 17:00:00,NULL
2250,136,Dương Hoàng Bình,710338581,duonghoangbinh211@vku.udn.vn,1,0,Không có,1,2024-08-04 17:00:00,NULL
2251,53,Trần Thị Cường,793251831,tranthicuong861@vku.udn.vn,3,0,Không có,1,2024-08-24 17:00:00,NULL
2252,39,Trần Hoàng Hùng,988714643,tranhoanghung174@yahoo.com,1,0,Không có,1,2024-11-21 17:00:00,NULL
2253,324,Hoàng Thu Long,979615069,hoangthulong635@hotmail.com,3,1,Không có,1,2024-10-06 17:00:00,NULL
2254,41,Bùi Hoàng Hùng,685353099,buihoanghung534@vku.udn.vn,2,1,Không có,1,2024-05-23 17:00:00,NULL
2255,147,Võ Thanh Long,523560797,vothanhlong940@outlook.com,2,0,Không có,1,2024-01-15 17:00:00,NULL
2256,254,Phan Minh Cường,531191390,phanminhcuong981@hotmail.com,2,0,Không có,1,2024-08-20 17:00:00,NULL
2257,59,Lý Văn Anh,739351615,lyvananh992@outlook.com,3,2,Không có,1,2024-04-01 17:00:00,NULL
2258,311,Ngô Thị Linh,341580226,ngothilinh880@outlook.com,1,0,Không có,1,2024-06-27 17:00:00,NULL
2259,9,Nguyễn Minh Bình,587737664,nguyenminhbinh40@vku.udn.vn,2,2,Không có,1,2024-03-19 17:00:00,NULL
2260,119,Phan Hải Hương,990553970,phanhaihuong150@yahoo.com,3,2,Không có,1,2024-06-25 17:00:00,NULL
2261,340,Hồ Hữu Hạnh,801856351,hohuuhanh942@yahoo.com,3,0,Không có,1,2024-10-02 17:00:00,NULL
2262,42,Đặng Văn Cường,896426568,dangvancuong88@vku.udn.vn,3,0,Không có,1,2024-05-26 17:00:00,NULL
2263,340,Hồ Hữu Hạnh,801856351,hohuuhanh942@yahoo.com,3,2,Không có,1,2024-02-18 17:00:00,NULL
2264,13,Phan Hữu Nga,760797183,phanhuunga623@vku.udn.vn,1,1,Không có,1,2024-08-01 17:00:00,NULL
2265,25,Bùi Thu Anh,536171651,buithuanh144@hotmail.com,3,0,Không có,1,2024-02-16 17:00:00,NULL
2266,338,Dương Quốc Nga,886405096,duongquocnga820@vku.udn.vn,1,0,Không có,1,2024-09-28 17:00:00,NULL
2267,257,Lý Thanh Trang,506468299,lythanhtrang722@gmail.com,1,1,Không có,1,2024-02-09 17:00:00,NULL
2268,299,Lê Hải Hạnh,883275843,lehaihanh721@hotmail.com,1,0,Không có,1,2024-03-23 17:00:00,NULL
2269,301,Lý Thị Nam,894019365,lythinam160@hotmail.com,1,0,Không có,1,2024-03-11 17:00:00,NULL
2270,340,Hồ Hữu Hạnh,801856351,hohuuhanh942@yahoo.com,2,0,Không có,1,2024-12-15 17:00:00,NULL
2271,305,Đặng Văn Bình,380792472,dangvanbinh968@yahoo.com,3,0,Không có,1,2024-04-19 17:00:00,NULL
2272,352,Nguyễn Quốc Hạnh,826350075,nguyenquochanh109@outlook.com,1,1,Không có,1,2024-01-29 17:00:00,NULL
2273,77,Bùi Minh Anh,922090698,buiminhanh745@outlook.com,3,0,Không có,1,2024-12-23 17:00:00,NULL
2274,342,Lê Hải Cường,353992714,lehaicuong267@outlook.com,2,0,Không có,1,2024-06-17 17:00:00,NULL
2275,103,Đỗ Hải Long,371829542,dohailong918@outlook.com,1,0,Không có,1,2024-08-06 17:00:00,NULL
2276,84,Lê Đức Bình,719609273,leducbinh692@gmail.com,2,3,Không có,1,2024-10-06 17:00:00,NULL
2277,128,Dương Thu Nam,694744299,duongthunam292@vku.udn.vn,2,0,Không có,1,2024-10-02 17:00:00,NULL
2278,357,Lê Hải Dũng,680990401,lehaidung817@hotmail.com,2,0,Không có,1,2024-04-07 17:00:00,NULL
2279,394,Đỗ Hữu Mai,613383963,dohuumai522@hotmail.com,2,2,Không có,1,2024-12-24 17:00:00,NULL
2280,377,Hoàng Minh Nam,787512424,hoangminhnam73@yahoo.com,1,2,Không có,1,2024-12-14 17:00:00,NULL
2281,252,Phạm Đức Nga,946412689,phamducnga28@vku.udn.vn,2,0,Không có,1,2024-07-06 17:00:00,NULL
2282,373,Lý Hải Hùng,931924051,lyhaihung440@hotmail.com,1,0,Không có,1,2024-03-21 17:00:00,NULL
2283,273,Phan Hải Anh,420117054,phanhaianh952@hotmail.com,3,0,Không có,1,2024-03-04 17:00:00,NULL
2284,266,Đặng Hải Bình,350590821,danghaibinh882@gmail.com,3,0,Không có,1,2024-05-10 17:00:00,NULL
2285,293,Trần Đức Linh,428727266,tranduclinh965@vku.udn.vn,3,2,Không có,1,2024-09-08 17:00:00,NULL
2286,107,Đỗ Hữu Nam,589616289,dohuunam58@vku.udn.vn,2,0,Không có,1,2024-05-28 17:00:00,NULL
2287,330,Ngô Hải Long,870298515,ngohailong573@vku.udn.vn,1,0,Không có,1,2024-12-08 17:00:00,NULL
2288,16,Ngô Đức Linh,918751457,ngoduclinh870@outlook.com,2,0,Không có,1,2024-03-04 17:00:00,NULL
2289,71,Hoàng Hoàng Lan,905510298,hoanghoanglan782@gmail.com,1,0,Không có,1,2024-10-16 17:00:00,NULL
2290,28,Lý Văn Dũng,847147779,lyvandung975@vku.udn.vn,3,3,Không có,1,2024-07-18 17:00:00,NULL
2291,37,Đỗ Đức Hạnh,860966411,doduchanh339@yahoo.com,3,3,Không có,1,2024-06-26 17:00:00,NULL
2292,361,Hồ Đức Hùng,924440558,hoduchung378@outlook.com,2,1,Không có,1,2024-02-21 17:00:00,NULL
2293,310,Lê Thanh Phong,742073642,lethanhphong822@yahoo.com,2,1,Không có,1,2024-12-24 17:00:00,NULL
2294,367,Lê Minh Anh,358546865,leminhanh567@hotmail.com,1,1,Không có,1,2024-07-15 17:00:00,NULL
2295,379,Lý Minh Hạnh,452725050,lyminhhanh74@gmail.com,3,3,Không có,1,2024-12-26 17:00:00,NULL
2296,363,Hoàng Minh Hùng,547538338,hoangminhhung124@yahoo.com,3,0,Không có,1,2024-07-22 17:00:00,NULL
2297,109,Bùi Thu Phong,573853847,buithuphong663@yahoo.com,2,0,Không có,1,2024-04-13 17:00:00,NULL
2298,292,Lê Văn Nga,386019028,levannga872@yahoo.com,3,1,Không có,1,2024-09-21 17:00:00,NULL
2299,6,Võ Hải Mai,429783792,vohaimai467@gmail.com,3,0,Không có,1,2024-01-04 17:00:00,NULL
2300,104,Lê Đức Hùng,824909238,leduchung692@hotmail.com,1,3,Không có,1,2024-08-13 17:00:00,NULL
2301,51,Ngô Hải Linh,952035795,ngohailinh304@gmail.com,3,3,Không có,1,2024-07-10 17:00:00,NULL
2302,80,Hồ Hữu Cường,922185513,hohuucuong858@gmail.com,1,0,Không có,1,2024-12-14 17:00:00,NULL
2303,127,Võ Hoàng Bình,339880775,vohoangbinh85@hotmail.com,3,3,Không có,1,2024-08-31 17:00:00,NULL
2304,336,Vũ Văn Dũng,751125671,vuvandung399@vku.udn.vn,1,0,Không có,1,2024-05-26 17:00:00,NULL
2305,125,Lê Minh Linh,583327863,leminhlinh552@hotmail.com,3,0,Không có,1,2024-12-19 17:00:00,NULL
2306,4,Đỗ Quốc Phong,392359478,doquocphong18@hotmail.com,3,0,Không có,1,2024-01-10 17:00:00,NULL
2307,32,Nguyễn Văn Trang,939078945,nguyenvantrang54@vku.udn.vn,3,0,Không có,1,2024-07-13 17:00:00,NULL
2308,91,Bùi Đức Anh,536894388,buiducanh946@hotmail.com,3,1,Không có,1,2024-12-22 17:00:00,NULL
2309,365,Hồ Hoàng Phong,863324548,hohoangphong612@hotmail.com,3,0,Không có,1,2024-09-22 17:00:00,NULL
2310,337,Dương Hoàng Linh,812153089,duonghoanglinh7@hotmail.com,3,1,Không có,1,2024-01-18 17:00:00,NULL
2311,388,Trần Thanh Hùng,647112584,tranthanhhung119@outlook.com,3,0,Không có,1,2024-11-05 17:00:00,NULL
2312,348,Ngô Hữu Hùng,416070149,ngohuuhung593@gmail.com,3,2,Không có,1,2024-12-01 17:00:00,NULL
2313,286,Phạm Thị Mai,890907304,phamthimai101@gmail.com,1,1,Không có,1,2024-11-22 17:00:00,NULL
2314,366,Hoàng Đức Lan,492673892,hoangduclan310@gmail.com,1,2,Không có,1,2024-11-24 17:00:00,NULL
2315,378,Đỗ Đức Linh,423240112,doduclinh558@yahoo.com,2,1,Không có,1,2024-06-10 17:00:00,NULL
2316,15,Ngô Hải Bình,653971277,ngohaibinh914@outlook.com,2,2,Không có,1,2024-06-10 17:00:00,NULL
2317,99,Đỗ Thị Hạnh,760131145,dothihanh316@vku.udn.vn,1,0,Không có,1,2024-07-20 17:00:00,NULL
2318,287,Dương Văn Bình,553810544,duongvanbinh171@outlook.com,2,3,Không có,1,2024-05-17 17:00:00,NULL
2319,12,Võ Minh Cường,731107521,vominhcuong586@gmail.com,3,3,Không có,1,2024-11-19 17:00:00,NULL
2320,63,Ngô Minh Phong,999229551,ngominhphong177@outlook.com,3,1,Không có,1,2024-01-21 17:00:00,NULL
2321,356,Bùi Hoàng Long,706936666,buihoanglong345@gmail.com,2,0,Không có,1,2024-04-15 17:00:00,NULL
2322,322,Hoàng Minh Dũng,761588882,hoangminhdung805@vku.udn.vn,3,0,Không có,1,2024-09-19 17:00:00,NULL
2323,126,Lê Quốc Phong,902210972,lequocphong824@vku.udn.vn,1,3,Không có,1,2024-07-04 17:00:00,NULL
2324,131,Ngô Văn Lan,939822046,ngovanlan739@gmail.com,1,2,Không có,1,2024-09-30 17:00:00,NULL
2325,87,Phạm Hải Hương,637941215,phamhaihuong146@vku.udn.vn,2,3,Không có,1,2024-05-22 17:00:00,NULL
2326,279,Nguyễn Hoàng Nga,547083812,nguyenhoangnga603@yahoo.com,2,0,Không có,1,2024-02-01 17:00:00,NULL
2327,390,Bùi Hải Long,774637858,buihailong779@gmail.com,1,1,Không có,1,2024-04-25 17:00:00,NULL
2328,272,Lê Thanh Phong,473461957,lethanhphong553@vku.udn.vn,2,0,Không có,1,2024-12-01 17:00:00,NULL
2329,325,Đỗ Minh Dũng,513814138,dominhdung151@gmail.com,2,0,Không có,1,2024-12-19 17:00:00,NULL
2330,268,Đặng Minh Nga,312327652,dangminhnga697@gmail.com,3,0,Không có,1,2024-06-24 17:00:00,NULL
2331,98,Dương Thị Long,702171933,duongthilong326@outlook.com,2,3,Không có,1,2024-04-11 17:00:00,NULL
2332,54,Vũ Hoàng Dũng,763306024,vuhoangdung86@vku.udn.vn,1,0,Không có,1,2024-09-25 17:00:00,NULL
2333,123,Lê Hữu Hương,773212205,lehuuhuong694@outlook.com,1,3,Không có,1,2024-01-30 17:00:00,NULL
2334,54,Đỗ Hữu Anh,952627485,dohuuanh149@hotmail.com,1,1,Không có,1,2024-06-05 17:00:00,NULL
2335,255,Vũ Thị Lan,669319644,vuthilan619@hotmail.com,2,1,Không có,1,2024-04-30 17:00:00,NULL
2336,149,Lý Thị Hương,928413590,lythihuong40@yahoo.com,2,1,Không có,1,2024-11-26 17:00:00,NULL
2337,276,Đặng Hữu Hùng,866585408,danghuuhung894@vku.udn.vn,3,2,Không có,1,2024-09-16 17:00:00,NULL
2338,353,Hồ Hữu Linh,489125618,hohuulinh752@vku.udn.vn,2,0,Không có,1,2024-02-19 17:00:00,NULL
2339,352,Nguyễn Quốc Hạnh,826350075,nguyenquochanh109@outlook.com,2,0,Không có,1,2024-10-30 17:00:00,NULL
2340,261,Võ Quốc Hùng,987194506,voquochung705@vku.udn.vn,3,0,Không có,1,2024-09-13 17:00:00,NULL
2341,255,Vũ Thị Lan,669319644,vuthilan619@hotmail.com,2,0,Không có,1,2024-08-04 17:00:00,NULL
2342,39,Nguyễn Thị Dũng,481525693,nguyenthidung549@vku.udn.vn,2,0,Không có,1,2024-07-10 17:00:00,NULL
2343,370,Vũ Hải Bình,919571745,vuhaibinh645@gmail.com,3,1,Không có,1,2024-01-04 17:00:00,NULL
2344,322,Hoàng Minh Dũng,761588882,hoangminhdung805@vku.udn.vn,2,0,Không có,1,2024-01-11 17:00:00,NULL
2345,336,Vũ Văn Dũng,751125671,vuvandung399@vku.udn.vn,1,0,Không có,1,2024-10-13 17:00:00,NULL
2346,302,Phạm Thanh Dũng,981007818,phamthanhdung874@hotmail.com,3,3,Không có,1,2024-08-06 17:00:00,NULL
2347,75,Đặng Đức Anh,830878229,dangducanh382@hotmail.com,1,1,Không có,1,2024-02-23 17:00:00,NULL
2348,297,Bùi Hoàng Bình,378663096,buihoangbinh551@yahoo.com,2,3,Không có,1,2024-03-30 17:00:00,NULL
2349,59,Phạm Thị Trang,752580253,phamthitrang407@vku.udn.vn,1,1,Không có,1,2024-03-29 17:00:00,NULL
2350,364,Hồ Thu Phong,498803134,hothuphong197@yahoo.com,1,1,Không có,1,2024-10-08 17:00:00,NULL
2351,119,Lý Văn Linh,539502626,lyvanlinh338@vku.udn.vn,2,0,Không có,1,2024-12-26 17:00:00,NULL
2352,44,Trần Thu Bình,730010569,tranthubinh458@vku.udn.vn,3,0,Không có,1,2024-09-18 17:00:00,NULL
2353,332,Hoàng Đức Hạnh,984683755,hoangduchanh284@vku.udn.vn,1,0,Không có,1,2024-05-24 17:00:00,NULL
2354,367,Lê Minh Anh,358546865,leminhanh567@hotmail.com,1,0,Không có,1,2024-01-04 17:00:00,NULL
2355,105,Vũ Hoàng Hùng,533988312,vuhoanghung624@outlook.com,2,2,Không có,1,2024-06-28 17:00:00,NULL
2356,27,Vũ Đức Phong,752680638,vuducphong708@yahoo.com,1,0,Không có,1,2024-02-08 17:00:00,NULL
2357,261,Võ Quốc Hùng,987194506,voquochung705@vku.udn.vn,1,0,Không có,1,2024-11-02 17:00:00,NULL
2358,278,Võ Thu Mai,429927269,vothumai254@yahoo.com,2,0,Không có,1,2024-06-13 17:00:00,NULL
2359,99,Hồ Thu Hùng,400734184,hothuhung326@yahoo.com,2,1,Không có,1,2024-04-28 17:00:00,NULL
2360,378,Đỗ Đức Linh,423240112,doduclinh558@yahoo.com,3,0,Không có,1,2024-10-13 17:00:00,NULL
2361,113,Nguyễn Hữu Hùng,994001564,nguyenhuuhung136@yahoo.com,1,3,Không có,1,2024-01-14 17:00:00,NULL
2362,141,Phan Minh Hương,884414201,phanminhhuong15@gmail.com,1,3,Không có,1,2024-01-31 17:00:00,NULL
2363,49,Hoàng Hải Lan,878909734,hoanghailan198@vku.udn.vn,3,3,Không có,1,2024-06-20 17:00:00,NULL
2364,50,Vũ Thanh Trang,920523128,vuthanhtrang274@yahoo.com,3,0,Không có,1,2024-02-07 17:00:00,NULL
2365,21,Phạm Đức Nga,910616723,phamducnga393@gmail.com,2,0,Không có,1,2024-08-08 17:00:00,NULL
2366,79,Ngô Minh Long,949085442,ngominhlong530@vku.udn.vn,1,0,Không có,1,2024-12-09 17:00:00,NULL
2367,288,Phạm Quốc Hương,362959284,phamquochuong169@outlook.com,2,0,Không có,1,2024-10-13 17:00:00,NULL
2368,333,Hoàng Hải Bình,606798268,hoanghaibinh241@hotmail.com,2,3,Không có,1,2024-10-21 17:00:00,NULL
2369,7,Vũ Thanh Anh,433789095,vuthanhanh265@outlook.com,3,2,Không có,1,2024-05-24 17:00:00,NULL
2370,57,Trần Văn Phong,579935186,tranvanphong221@vku.udn.vn,3,1,Không có,1,2024-10-25 17:00:00,NULL
2371,42,Bùi Hữu Dũng,695069737,buihuudung291@yahoo.com,3,3,Không có,1,2024-12-16 17:00:00,NULL
2372,278,Võ Thu Mai,429927269,vothumai254@yahoo.com,2,0,Không có,1,2024-03-31 17:00:00,NULL
2373,256,Đặng Thị Hương,706448196,dangthihuong81@vku.udn.vn,3,0,Không có,1,2024-12-14 17:00:00,NULL
2374,257,Lý Thanh Trang,506468299,lythanhtrang722@gmail.com,3,1,Không có,1,2024-09-20 17:00:00,NULL
2375,75,Dương Thanh Cường,793563100,duongthanhcuong929@outlook.com,2,2,Không có,1,2024-02-12 17:00:00,NULL
2376,295,Phan Minh Dũng,637352358,phanminhdung245@hotmail.com,1,0,Không có,1,2024-06-15 17:00:00,NULL
2377,258,Ngô Minh Bình,549957310,ngominhbinh888@gmail.com,1,2,Không có,1,2024-09-16 17:00:00,NULL
2378,27,Đỗ Quốc Hương,563069952,doquochuong140@outlook.com,2,1,Không có,1,2024-06-02 17:00:00,NULL
2379,338,Dương Quốc Nga,886405096,duongquocnga820@vku.udn.vn,2,0,Không có,1,2024-07-17 17:00:00,NULL
2380,48,Hồ Văn Phong,727808801,hovanphong419@hotmail.com,2,3,Không có,1,2024-01-30 17:00:00,NULL
2381,319,Hồ Minh Nga,632091877,hominhnga683@outlook.com,3,3,Không có,1,2024-04-11 17:00:00,NULL
2382,9,Trần Thị Trang,838872596,tranthitrang706@vku.udn.vn,3,2,Không có,1,2024-02-04 17:00:00,NULL
2383,263,Trần Đức Hương,909004943,tranduchuong898@hotmail.com,2,0,Không có,1,2024-09-13 17:00:00,NULL
2384,299,Lê Hải Hạnh,883275843,lehaihanh721@hotmail.com,3,3,Không có,1,2024-12-29 17:00:00,NULL
2385,397,Hoàng Văn Hùng,620571903,hoangvanhung858@vku.udn.vn,2,0,Không có,1,2024-01-08 17:00:00,NULL
2386,37,Hoàng Hải Hạnh,892451326,hoanghaihanh250@yahoo.com,3,0,Không có,1,2024-04-19 17:00:00,NULL
2387,257,Lý Thanh Trang,506468299,lythanhtrang722@gmail.com,3,1,Không có,1,2024-05-23 17:00:00,NULL
2388,118,Trần Đức Hương,842757734,tranduchuong376@gmail.com,3,0,Không có,1,2024-06-06 17:00:00,NULL
2389,376,Nguyễn Quốc Mai,937599912,nguyenquocmai482@hotmail.com,3,2,Không có,1,2024-11-21 17:00:00,NULL
2390,287,Dương Văn Bình,553810544,duongvanbinh171@outlook.com,3,0,Không có,1,2024-06-24 17:00:00,NULL
2391,262,Dương Văn Dũng,334467368,duongvandung825@hotmail.com,2,0,Không có,1,2024-01-28 17:00:00,NULL
2392,91,Lê Thị Nga,807001451,lethinga322@yahoo.com,1,0,Không có,1,2024-10-20 17:00:00,NULL
2393,49,Phạm Văn Bình,341866748,phamvanbinh329@yahoo.com,1,0,Không có,1,2024-05-06 17:00:00,NULL
2394,260,Hồ Thị Trang,981802744,hothitrang176@vku.udn.vn,3,2,Không có,1,2024-09-28 17:00:00,NULL
2395,324,Hoàng Thu Long,979615069,hoangthulong635@hotmail.com,2,2,Không có,1,2024-06-03 17:00:00,NULL
2396,139,Vũ Thị Hương,987964107,vuthihuong712@outlook.com,2,3,Không có,1,2024-06-05 17:00:00,NULL
2397,50,Đặng Hữu Linh,435233309,danghuulinh845@vku.udn.vn,1,3,Không có,1,2024-03-21 17:00:00,NULL
2398,298,Lê Thanh Hương,373864104,lethanhhuong901@yahoo.com,1,0,Không có,1,2024-11-18 17:00:00,NULL
2399,70,Lý Minh Nga,829725989,lyminhnga348@vku.udn.vn,3,0,Không có,1,2024-12-25 17:00:00,NULL
2400,340,Hồ Hữu Hạnh,801856351,hohuuhanh942@yahoo.com,3,2,Không có,1,2024-06-19 17:00:00,NULL
2401,137,Nguyễn Hoàng Anh,981358254,nguyenhoanganh264@gmail.com,3,3,Không có,1,2024-08-31 17:00:00,NULL
2402,303,Hoàng Văn Bình,981057736,hoangvanbinh434@hotmail.com,3,2,Không có,1,2024-07-17 17:00:00,NULL
2403,14,Lý Thị Phong,316561169,lythiphong592@vku.udn.vn,1,2,Không có,1,2024-01-04 17:00:00,NULL
2404,128,Phạm Minh Mai,557019953,phamminhmai132@vku.udn.vn,3,0,Không có,1,2024-02-06 17:00:00,NULL
2405,312,Dương Hải Lan,627696198,duonghailan841@yahoo.com,3,1,Không có,1,2024-04-22 17:00:00,NULL
2406,376,Nguyễn Quốc Mai,937599912,nguyenquocmai482@hotmail.com,1,1,Không có,1,2024-02-25 17:00:00,NULL
2407,321,Đỗ Hữu Trang,911072118,dohuutrang309@outlook.com,2,2,Không có,1,2024-09-04 17:00:00,NULL
2408,105,Đặng Hải Hùng,983021680,danghaihung90@gmail.com,2,2,Không có,1,2024-11-02 17:00:00,NULL
2409,300,Nguyễn Thu Hùng,411225158,nguyenthuhung962@yahoo.com,2,0,Không có,1,2024-03-01 17:00:00,NULL
2410,262,Dương Văn Dũng,334467368,duongvandung825@hotmail.com,2,3,Không có,1,2024-04-30 17:00:00,NULL
2411,361,Hồ Đức Hùng,924440558,hoduchung378@outlook.com,3,3,Không có,1,2024-04-07 17:00:00,NULL
2412,82,Vũ Quốc Nga,974771058,vuquocnga50@vku.udn.vn,3,0,Không có,1,2024-09-24 17:00:00,NULL
2413,386,Phan Quốc Lan,644733679,phanquoclan687@gmail.com,3,1,Không có,1,2024-08-11 17:00:00,NULL
2414,81,Lê Văn Long,724222220,levanlong341@yahoo.com,3,0,Không có,1,2024-05-15 17:00:00,NULL
2415,312,Dương Hải Lan,627696198,duonghailan841@yahoo.com,3,3,Không có,1,2024-01-21 17:00:00,NULL
2416,114,Vũ Hữu Linh,952126276,vuhuulinh267@yahoo.com,2,1,Không có,1,2024-08-19 17:00:00,NULL
2417,349,Đỗ Quốc Linh,512954978,doquoclinh78@vku.udn.vn,2,0,Không có,1,2024-08-20 17:00:00,NULL
2418,87,Ngô Thanh Long,592179434,ngothanhlong585@outlook.com,2,1,Không có,1,2024-05-20 17:00:00,NULL
2419,110,Lê Văn Hạnh,957657770,levanhanh597@hotmail.com,1,1,Không có,1,2024-12-01 17:00:00,NULL
2420,341,Nguyễn Quốc Trang,906011277,nguyenquoctrang679@gmail.com,3,0,Không có,1,2024-06-18 17:00:00,NULL
2421,133,Phạm Hoàng Long,555322132,phamhoanglong322@yahoo.com,1,2,Không có,1,2024-06-06 17:00:00,NULL
2422,137,Võ Thị Hùng,777373085,vothihung411@vku.udn.vn,3,3,Không có,1,2024-11-30 17:00:00,NULL
2423,266,Đặng Hải Bình,350590821,danghaibinh882@gmail.com,1,2,Không có,1,2024-05-24 17:00:00,NULL
2424,301,Lý Thị Nam,894019365,lythinam160@hotmail.com,2,1,Không có,1,2024-12-02 17:00:00,NULL
2425,82,Phạm Quốc Mai,682301308,phamquocmai246@hotmail.com,3,2,Không có,1,2024-12-05 17:00:00,NULL
2426,141,Phạm Văn Trang,477133568,phamvantrang480@hotmail.com,2,3,Không có,1,2024-02-23 17:00:00,NULL
2427,8,Dương Văn Nga,494857017,duongvannga179@hotmail.com,3,1,Không có,1,2024-11-16 17:00:00,NULL
2428,322,Hoàng Minh Dũng,761588882,hoangminhdung805@vku.udn.vn,1,1,Không có,1,2024-03-25 17:00:00,NULL
2429,112,Phạm Quốc Hương,848906908,phamquochuong461@yahoo.com,1,3,Không có,1,2024-05-25 17:00:00,NULL
2430,257,Lý Thanh Trang,506468299,lythanhtrang722@gmail.com,3,2,Không có,1,2024-05-12 17:00:00,NULL
2431,127,Nguyễn Đức Anh,724012787,nguyenducanh521@outlook.com,2,1,Không có,1,2024-02-18 17:00:00,NULL
2432,26,Hồ Hoàng Lan,752118030,hohoanglan3@outlook.com,3,1,Không có,1,2024-02-24 17:00:00,NULL
2433,147,Phạm Hữu Linh,652731141,phamhuulinh866@hotmail.com,2,0,Không có,1,2024-12-01 17:00:00,NULL
2434,268,Đặng Minh Nga,312327652,dangminhnga697@gmail.com,1,0,Không có,1,2024-05-07 17:00:00,NULL
2435,61,Vũ Thu Cường,798803400,vuthucuong594@outlook.com,1,1,Không có,1,2024-10-08 17:00:00,NULL
2436,73,Võ Thanh Phong,311236215,vothanhphong283@vku.udn.vn,1,2,Không có,1,2024-03-11 17:00:00,NULL
2437,279,Nguyễn Hoàng Nga,547083812,nguyenhoangnga603@yahoo.com,1,2,Không có,1,2024-01-24 17:00:00,NULL
2438,349,Đỗ Quốc Linh,512954978,doquoclinh78@vku.udn.vn,1,0,Không có,1,2024-02-20 17:00:00,NULL
2439,334,Lý Thu Bình,448578017,lythubinh155@yahoo.com,2,2,Không có,1,2024-03-06 17:00:00,NULL
2440,121,Ngô Quốc Mai,365112794,ngoquocmai476@outlook.com,1,1,Không có,1,2024-05-01 17:00:00,NULL
2441,43,Phan Hải Hương,424887333,phanhaihuong271@hotmail.com,1,0,Không có,1,2024-04-24 17:00:00,NULL
2442,62,Nguyễn Hải Trang,686416739,nguyenhaitrang799@vku.udn.vn,3,3,Không có,1,2024-01-10 17:00:00,NULL
2443,347,Võ Minh Phong,696098177,vominhphong172@vku.udn.vn,2,3,Không có,1,2024-01-26 17:00:00,NULL
2444,79,Đỗ Văn Phong,311184654,dovanphong209@vku.udn.vn,3,2,Không có,1,2024-03-25 17:00:00,NULL
2445,311,Ngô Thị Linh,341580226,ngothilinh880@outlook.com,2,1,Không có,1,2024-10-06 17:00:00,NULL
2446,97,Đặng Hoàng Linh,334877309,danghoanglinh177@yahoo.com,2,2,Không có,1,2024-08-11 17:00:00,NULL
2447,88,Bùi Hoàng Hương,600565023,buihoanghuong236@hotmail.com,2,0,Không có,1,2024-04-07 17:00:00,NULL
2448,308,Đỗ Thị Lan,901170349,dothilan906@outlook.com,2,1,Không có,1,2024-12-13 17:00:00,NULL
2449,27,Trần Thị Trang,310528817,tranthitrang647@vku.udn.vn,2,0,Không có,1,2024-05-26 17:00:00,NULL
2450,273,Phan Hải Anh,420117054,phanhaianh952@hotmail.com,3,2,Không có,1,2024-10-04 17:00:00,NULL
2451,89,Bùi Hoàng Long,806779656,buihoanglong135@vku.udn.vn,3,2,Không có,1,2024-02-16 17:00:00,NULL
2452,106,Lý Hoàng Linh,423324899,lyhoanglinh318@hotmail.com,2,0,Không có,1,2024-10-16 17:00:00,NULL
2453,123,Phan Thị Cường,457989915,phanthicuong962@gmail.com,3,0,Không có,1,2024-06-13 17:00:00,NULL
2454,4,Đỗ Thị Anh,735714489,dothianh890@hotmail.com,2,0,Không có,1,2024-05-18 17:00:00,NULL
2455,266,Đặng Hải Bình,350590821,danghaibinh882@gmail.com,1,3,Không có,1,2024-07-25 17:00:00,NULL
2456,106,Nguyễn Thị Hạnh,778281347,nguyenthihanh266@hotmail.com,3,0,Không có,1,2024-03-12 17:00:00,NULL
2457,338,Dương Quốc Nga,886405096,duongquocnga820@vku.udn.vn,1,2,Không có,1,2024-02-23 17:00:00,NULL
2458,67,Bùi Thanh Nga,410746400,buithanhnga166@vku.udn.vn,2,2,Không có,1,2024-01-01 17:00:00,NULL
2459,293,Trần Đức Linh,428727266,tranduclinh965@vku.udn.vn,2,0,Không có,1,2024-04-17 17:00:00,NULL
2460,59,Bùi Thị Nga,555265590,buithinga948@vku.udn.vn,3,0,Không có,1,2024-04-30 17:00:00,NULL
2461,333,Hoàng Hải Bình,606798268,hoanghaibinh241@hotmail.com,3,0,Không có,1,2024-09-01 17:00:00,NULL
2462,346,Bùi Hữu Dũng,435528741,buihuudung485@gmail.com,2,2,Không có,1,2024-04-23 17:00:00,NULL
2463,28,Hoàng Hữu Linh,435174163,hoanghuulinh392@yahoo.com,2,0,Không có,1,2024-12-22 17:00:00,NULL
2464,81,Lý Thị Long,801180788,lythilong341@yahoo.com,1,0,Không có,1,2024-01-27 17:00:00,NULL
2465,61,Bùi Văn Hương,860174718,buivanhuong12@gmail.com,2,0,Không có,1,2024-06-07 17:00:00,NULL
2466,259,Võ Thanh Cường,697478786,vothanhcuong364@yahoo.com,1,0,Không có,1,2024-11-10 17:00:00,NULL
2467,130,Hồ Đức Cường,317071671,hoduccuong620@vku.udn.vn,3,0,Không có,1,2024-06-02 17:00:00,NULL
2468,335,Hồ Đức Bình,745461013,hoducbinh418@hotmail.com,2,3,Không có,1,2024-03-14 17:00:00,NULL
2469,29,Võ Thanh Phong,913003868,vothanhphong884@hotmail.com,1,2,Không có,1,2024-07-23 17:00:00,NULL
2470,343,Võ Thanh Lan,707083673,vothanhlan285@outlook.com,1,0,Không có,1,2024-08-20 17:00:00,NULL
2471,130,Nguyễn Hoàng Nga,792456949,nguyenhoangnga384@yahoo.com,1,0,Không có,1,2024-06-06 17:00:00,NULL
2472,25,Hồ Thị Lan,648178166,hothilan970@hotmail.com,3,1,Không có,1,2024-03-04 17:00:00,NULL
2473,259,Võ Thanh Cường,697478786,vothanhcuong364@yahoo.com,1,1,Không có,1,2024-07-08 17:00:00,NULL
2474,367,Lê Minh Anh,358546865,leminhanh567@hotmail.com,3,0,Không có,1,2024-06-24 17:00:00,NULL
2475,38,Ngô Đức Cường,978393963,ngoduccuong982@vku.udn.vn,3,0,Không có,1,2024-06-08 17:00:00,NULL
2476,145,Đỗ Thanh Hương,554956283,dothanhhuong972@outlook.com,2,0,Không có,1,2024-03-01 17:00:00,NULL
2477,7,Đặng Thanh Long,939570485,dangthanhlong668@outlook.com,2,1,Không có,1,2024-06-08 17:00:00,NULL
2478,42,Nguyễn Thị Hương,403129663,nguyenthihuong292@outlook.com,1,3,Không có,1,2024-01-12 17:00:00,NULL
2479,61,Lý Hoàng Anh,934809099,lyhoanganh359@gmail.com,2,0,Không có,1,2024-09-16 17:00:00,NULL
2480,307,Hoàng Thanh Hương,342836793,hoangthanhhuong921@hotmail.com,1,0,Không có,1,2024-09-01 17:00:00,NULL
2481,386,Phan Quốc Lan,644733679,phanquoclan687@gmail.com,2,0,Không có,1,2024-08-16 17:00:00,NULL
2482,307,Hoàng Thanh Hương,342836793,hoangthanhhuong921@hotmail.com,2,0,Không có,1,2024-11-23 17:00:00,NULL
2483,137,Lý Thị Bình,680451878,lythibinh436@hotmail.com,2,0,Không có,1,2024-08-17 17:00:00,NULL
2484,109,Hồ Văn Cường,671623279,hovancuong358@vku.udn.vn,2,0,Không có,1,2024-11-15 17:00:00,NULL
2485,347,Võ Minh Phong,696098177,vominhphong172@vku.udn.vn,3,0,Không có,1,2024-02-19 17:00:00,NULL
2486,81,Phan Minh Trang,339167974,phanminhtrang33@vku.udn.vn,3,2,Không có,1,2024-03-10 17:00:00,NULL
2487,52,Nguyễn Hoàng Bình,635943049,nguyenhoangbinh299@yahoo.com,1,2,Không có,1,2024-05-23 17:00:00,NULL
2488,81,Võ Thanh Long,304485637,vothanhlong414@gmail.com,1,0,Không có,1,2024-07-01 17:00:00,NULL
2489,130,Lê Thanh Bình,856903813,lethanhbinh676@hotmail.com,3,3,Không có,1,2024-01-19 17:00:00,NULL
2490,275,Dương Thị Phong,871988889,duongthiphong785@yahoo.com,2,3,Không có,1,2024-04-01 17:00:00,NULL
2491,268,Đặng Minh Nga,312327652,dangminhnga697@gmail.com,2,2,Không có,1,2024-03-19 17:00:00,NULL
2492,381,Hồ Quốc Hùng,837377910,hoquochung553@outlook.com,1,0,Không có,1,2024-08-23 17:00:00,NULL
2493,59,Đỗ Hoàng Linh,391557724,dohoanglinh7@outlook.com,1,0,Không có,1,2024-12-12 17:00:00,NULL
2494,335,Hồ Đức Bình,745461013,hoducbinh418@hotmail.com,2,3,Không có,1,2024-02-21 17:00:00,NULL
2495,137,Nguyễn Thanh Hương,468118311,nguyenthanhhuong88@yahoo.com,2,3,Không có,1,2024-02-04 17:00:00,NULL
2496,62,Bùi Minh Phong,786657745,buiminhphong49@outlook.com,1,0,Không có,1,2024-06-07 17:00:00,NULL
2497,140,Bùi Đức Dũng,545628495,buiducdung624@gmail.com,2,3,Không có,1,2024-04-18 17:00:00,NULL
2498,250,Đỗ Thị Anh,595310485,dothianh251@yahoo.com,2,0,Không có,1,2024-02-05 17:00:00,NULL
2499,122,Nguyễn Thu Trang,617100333,nguyenthutrang416@hotmail.com,2,0,Không có,1,2024-09-06 17:00:00,NULL
2500,87,Đặng Quốc Mai,902831564,dangquocmai614@hotmail.com,2,3,Không có,1,2024-07-16 17:00:00,NULL
2501,132,Lý Hải Phong,377111832,lyhaiphong480@gmail.com,2,1,Không có,1,2024-11-27 17:00:00,NULL
2502,104,Nguyễn Minh Trang,399670684,nguyenminhtrang25@yahoo.com,2,0,Không có,1,2024-02-06 17:00:00,NULL
2503,278,Võ Thu Mai,429927269,vothumai254@yahoo.com,1,0,Không có,1,2024-09-01 17:00:00,NULL
2504,309,Lý Đức Hạnh,474484941,lyduchanh820@yahoo.com,3,0,Không có,1,2024-11-09 17:00:00,NULL
2505,301,Lý Thị Nam,894019365,lythinam160@hotmail.com,2,2,Không có,1,2024-12-24 17:00:00,NULL
2506,339,Phạm Minh Linh,821454127,phamminhlinh30@outlook.com,2,1,Không có,1,2024-06-21 17:00:00,NULL
2507,351,Phan Thu Linh,697897455,phanthulinh71@vku.udn.vn,2,1,Không có,1,2024-05-07 17:00:00,NULL
2508,67,Đỗ Văn Bình,755408688,dovanbinh838@hotmail.com,1,1,Không có,1,2024-07-17 17:00:00,NULL
2509,39,Nguyễn Văn Long,849749145,nguyenvanlong758@vku.udn.vn,1,3,Không có,1,2024-11-14 17:00:00,NULL
2510,295,Phan Minh Dũng,637352358,phanminhdung245@hotmail.com,1,0,Không có,1,2024-08-31 17:00:00,NULL
2511,317,Phạm Minh Anh,768213197,phamminhanh2@vku.udn.vn,1,0,Không có,1,2024-02-05 17:00:00,NULL
2512,35,Vũ Thu Dũng,934640396,vuthudung325@vku.udn.vn,1,1,Không có,1,2024-07-29 17:00:00,NULL
2513,325,Đỗ Minh Dũng,513814138,dominhdung151@gmail.com,2,0,Không có,1,2024-04-24 17:00:00,NULL
2514,308,Đỗ Thị Lan,901170349,dothilan906@outlook.com,1,0,Không có,1,2024-11-03 17:00:00,NULL
2515,322,Hoàng Minh Dũng,761588882,hoangminhdung805@vku.udn.vn,1,2,Không có,1,2024-02-07 17:00:00,NULL
2516,369,Võ Thanh Cường,355165334,vothanhcuong259@outlook.com,3,1,Không có,1,2024-02-12 17:00:00,NULL
2517,398,Dương Hữu Mai,878296492,duonghuumai496@hotmail.com,1,0,Không có,1,2024-12-30 17:00:00,NULL
2518,14,Đỗ Hoàng Trang,802948302,dohoangtrang582@outlook.com,1,3,Không có,1,2024-02-06 17:00:00,NULL
2519,264,Vũ Hải Cường,584412919,vuhaicuong143@yahoo.com,2,1,Không có,1,2024-08-18 17:00:00,NULL
2520,373,Lý Hải Hùng,931924051,lyhaihung440@hotmail.com,3,0,Không có,1,2024-11-29 17:00:00,NULL
2521,85,Đỗ Minh Long,848978812,dominhlong573@yahoo.com,2,0,Không có,1,2024-07-03 17:00:00,NULL
2522,90,Ngô Minh Nga,497452537,ngominhnga358@yahoo.com,1,1,Không có,1,2024-02-11 17:00:00,NULL
2523,71,Dương Thị Linh,826194403,duongthilinh699@yahoo.com,3,3,Không có,1,2024-01-11 17:00:00,NULL
2524,305,Đặng Văn Bình,380792472,dangvanbinh968@yahoo.com,2,0,Không có,1,2024-06-28 17:00:00,NULL
2525,68,Lê Đức Lan,867952632,leduclan40@yahoo.com,1,0,Không có,1,2024-01-06 17:00:00,NULL
2526,75,Dương Hoàng Bình,725626196,duonghoangbinh893@outlook.com,1,0,Không có,1,2024-04-13 17:00:00,NULL
2527,300,Nguyễn Thu Hùng,411225158,nguyenthuhung962@yahoo.com,1,0,Không có,1,2024-05-06 17:00:00,NULL
2528,17,Đặng Văn Trang,402963941,dangvantrang133@hotmail.com,1,0,Không có,1,2024-07-26 17:00:00,NULL
2529,65,Phan Thu Hạnh,789657516,phanthuhanh562@yahoo.com,3,1,Không có,1,2024-03-21 17:00:00,NULL
2530,104,Đỗ Quốc Hạnh,778160194,doquochanh186@outlook.com,3,2,Không có,1,2024-02-28 17:00:00,NULL
2531,124,Ngô Minh Hạnh,491223620,ngominhhanh923@yahoo.com,3,0,Không có,1,2024-12-26 17:00:00,NULL
2532,95,Đỗ Đức Phong,888681082,doducphong460@vku.udn.vn,1,0,Không có,1,2024-08-13 17:00:00,NULL
2533,269,Ngô Minh Phong,988227492,ngominhphong349@gmail.com,2,3,Không có,1,2024-09-27 17:00:00,NULL
2534,88,Võ Quốc Long,439484115,voquoclong767@gmail.com,3,2,Không có,1,2024-07-12 17:00:00,NULL
2535,398,Dương Hữu Mai,878296492,duonghuumai496@hotmail.com,3,0,Không có,1,2024-12-16 17:00:00,NULL
2536,67,Lý Thu Long,851220413,lythulong362@yahoo.com,2,3,Không có,1,2024-01-24 17:00:00,NULL
2537,365,Hồ Hoàng Phong,863324548,hohoangphong612@hotmail.com,2,0,Không có,1,2024-07-20 17:00:00,NULL
2538,144,Đỗ Đức Hùng,680809472,doduchung788@outlook.com,3,0,Không có,1,2024-08-05 17:00:00,NULL
2539,393,Nguyễn Thu Linh,400082623,nguyenthulinh231@gmail.com,2,1,Không có,1,2024-07-04 17:00:00,NULL
2540,259,Võ Thanh Cường,697478786,vothanhcuong364@yahoo.com,2,0,Không có,1,2024-11-28 17:00:00,NULL
2541,16,Nguyễn Đức Hương,924534262,nguyenduchuong194@outlook.com,3,2,Không có,1,2024-03-16 17:00:00,NULL
2542,103,Lê Minh Trang,502265648,leminhtrang707@gmail.com,1,0,Không có,1,2024-12-20 17:00:00,NULL
2543,334,Lý Thu Bình,448578017,lythubinh155@yahoo.com,2,2,Không có,1,2024-08-27 17:00:00,NULL
2544,59,Phan Văn Mai,410990496,phanvanmai753@outlook.com,1,0,Không có,1,2024-11-20 17:00:00,NULL
2545,380,Bùi Hoàng Hương,609893263,buihoanghuong450@gmail.com,3,0,Không có,1,2024-07-15 17:00:00,NULL
2546,277,Lý Thu Phong,515984311,lythuphong731@hotmail.com,2,2,Không có,1,2024-04-17 17:00:00,NULL
2547,101,Bùi Quốc Nam,755361948,buiquocnam677@yahoo.com,3,0,Không có,1,2024-01-14 17:00:00,NULL
2548,14,Đỗ Thị Cường,522486157,dothicuong40@gmail.com,3,0,Không có,1,2024-08-08 17:00:00,NULL
2549,346,Bùi Hữu Dũng,435528741,buihuudung485@gmail.com,3,2,Không có,1,2024-10-08 17:00:00,NULL
2550,117,Đặng Đức Long,600355946,dangduclong475@outlook.com,1,1,Không có,1,2024-01-21 17:00:00,NULL
2551,380,Bùi Hoàng Hương,609893263,buihoanghuong450@gmail.com,1,1,Không có,1,2024-01-31 17:00:00,NULL
2552,398,Dương Hữu Mai,878296492,duonghuumai496@hotmail.com,3,0,Không có,1,2024-07-30 17:00:00,NULL
2553,134,Đặng Thu Hùng,303869250,dangthuhung15@outlook.com,3,3,Không có,1,2024-04-20 17:00:00,NULL
2554,75,Đặng Hữu Hương,991383624,danghuuhuong411@gmail.com,2,0,Không có,1,2024-10-05 17:00:00,NULL
2555,306,Dương Thanh Trang,893269304,duongthanhtrang152@outlook.com,3,0,Không có,1,2024-02-07 17:00:00,NULL
2556,141,Đặng Hải Anh,806034235,danghaianh954@gmail.com,1,3,Không có,1,2024-10-21 17:00:00,NULL
2557,55,Dương Minh Anh,541522548,duongminhanh292@yahoo.com,2,2,Không có,1,2024-08-26 17:00:00,NULL
2558,314,Đỗ Thu Linh,875757257,dothulinh340@gmail.com,3,1,Không có,1,2024-02-03 17:00:00,NULL
2559,29,Bùi Hải Cường,963329371,buihaicuong703@yahoo.com,1,0,Không có,1,2024-03-30 17:00:00,NULL
2560,44,Đỗ Đức Hạnh,644983696,doduchanh614@outlook.com,3,3,Không có,1,2024-07-04 17:00:00,NULL
2561,261,Võ Quốc Hùng,987194506,voquochung705@vku.udn.vn,2,0,Không có,1,2024-07-14 17:00:00,NULL
2562,50,Vũ Thu Bình,305152336,vuthubinh762@outlook.com,3,0,Không có,1,2024-08-14 17:00:00,NULL
2563,303,Hoàng Văn Bình,981057736,hoangvanbinh434@hotmail.com,3,1,Không có,1,2024-05-18 17:00:00,NULL
2564,16,Trần Thị Bình,856282215,tranthibinh709@gmail.com,2,3,Không có,1,2024-05-11 17:00:00,NULL
2565,320,Hồ Minh Nga,436674237,hominhnga197@outlook.com,3,3,Không có,1,2024-03-24 17:00:00,NULL
2566,23,Phan Thanh Hùng,916807046,phanthanhhung560@yahoo.com,3,1,Không có,1,2024-03-19 17:00:00,NULL
2567,383,Nguyễn Thị Dũng,917615339,nguyenthidung602@gmail.com,2,1,Không có,1,2024-05-23 17:00:00,NULL
2568,345,Ngô Văn Phong,333318206,ngovanphong973@yahoo.com,1,2,Không có,1,2024-04-02 17:00:00,NULL
2569,322,Hoàng Minh Dũng,761588882,hoangminhdung805@vku.udn.vn,2,0,Không có,1,2024-08-27 17:00:00,NULL
2570,271,Lý Thị Hạnh,971410971,lythihanh306@vku.udn.vn,3,0,Không có,1,2024-12-04 17:00:00,NULL
2571,311,Ngô Thị Linh,341580226,ngothilinh880@outlook.com,2,0,Không có,1,2024-03-09 17:00:00,NULL
2572,296,Đỗ Minh Mai,639492674,dominhmai952@gmail.com,3,3,Không có,1,2024-05-02 17:00:00,NULL
2573,354,Bùi Thu Phong,819151495,buithuphong477@outlook.com,1,0,Không có,1,2024-05-24 17:00:00,NULL
2574,98,Bùi Thu Lan,704488188,buithulan526@outlook.com,1,0,Không có,1,2024-07-31 17:00:00,NULL
2575,276,Đặng Hữu Hùng,866585408,danghuuhung894@vku.udn.vn,2,2,Không có,1,2024-08-08 17:00:00,NULL
2576,372,Bùi Hoàng Phong,964021648,buihoangphong232@vku.udn.vn,3,0,Không có,1,2024-08-16 17:00:00,NULL
2577,88,Vũ Thu Linh,775145750,vuthulinh301@yahoo.com,3,1,Không có,1,2024-03-25 17:00:00,NULL
2578,382,Bùi Văn Hương,763887247,buivanhuong753@hotmail.com,3,0,Không có,1,2024-04-04 17:00:00,NULL
2579,6,Phạm Thanh Hương,507100976,phamthanhhuong436@yahoo.com,3,0,Không có,1,2024-05-15 17:00:00,NULL
2580,21,Phạm Hữu Cường,781210513,phamhuucuong564@hotmail.com,1,0,Không có,1,2024-12-26 17:00:00,NULL
2581,86,Lý Hải Long,411949588,lyhailong40@hotmail.com,1,1,Không có,1,2024-06-23 17:00:00,NULL
2582,347,Võ Minh Phong,696098177,vominhphong172@vku.udn.vn,3,1,Không có,1,2024-10-24 17:00:00,NULL
2583,119,Đặng Hải Hương,331146481,danghaihuong707@outlook.com,1,3,Không có,1,2024-12-18 17:00:00,NULL
2584,85,Nguyễn Hải Linh,938489672,nguyenhailinh25@vku.udn.vn,2,0,Không có,1,2024-10-24 17:00:00,NULL
2585,33,Võ Thị Hạnh,454383400,vothihanh778@outlook.com,3,0,Không có,1,2024-10-20 17:00:00,NULL
2586,22,Phan Quốc Mai,982779486,phanquocmai22@yahoo.com,3,1,Không có,1,2024-07-05 17:00:00,NULL
2587,338,Dương Quốc Nga,886405096,duongquocnga820@vku.udn.vn,2,0,Không có,1,2024-12-02 17:00:00,NULL
2588,45,Lê Thanh Cường,786545688,lethanhcuong829@gmail.com,3,2,Không có,1,2024-05-25 17:00:00,NULL
2589,97,Võ Quốc Phong,797388789,voquocphong638@hotmail.com,1,0,Không có,1,2024-06-11 17:00:00,NULL
2590,91,Hoàng Văn Trang,489008021,hoangvantrang257@gmail.com,3,0,Không có,1,2024-01-04 17:00:00,NULL
2591,393,Nguyễn Thu Linh,400082623,nguyenthulinh231@gmail.com,2,0,Không có,1,2024-08-31 17:00:00,NULL
2592,311,Ngô Thị Linh,341580226,ngothilinh880@outlook.com,3,3,Không có,1,2024-02-27 17:00:00,NULL
2593,315,Lê Hoàng Hùng,341078352,lehoanghung112@vku.udn.vn,3,3,Không có,1,2024-02-28 17:00:00,NULL
2594,107,Bùi Văn Nga,375414996,buivannga559@vku.udn.vn,3,1,Không có,1,2024-02-16 17:00:00,NULL
2595,365,Hồ Hoàng Phong,863324548,hohoangphong612@hotmail.com,2,3,Không có,1,2024-07-18 17:00:00,NULL
2596,307,Hoàng Thanh Hương,342836793,hoangthanhhuong921@hotmail.com,3,0,Không có,1,2024-09-03 17:00:00,NULL
2597,251,Đỗ Thu Bình,934036506,dothubinh433@gmail.com,2,0,Không có,1,2024-03-21 17:00:00,NULL
2598,338,Dương Quốc Nga,886405096,duongquocnga820@vku.udn.vn,3,0,Không có,1,2024-02-29 17:00:00,NULL
2599,99,Vũ Hoàng Hạnh,726504333,vuhoanghanh858@outlook.com,3,2,Không có,1,2024-07-22 17:00:00,NULL
2600,128,Dương Văn Phong,832014820,duongvanphong28@vku.udn.vn,1,0,Không có,1,2024-01-14 17:00:00,NULL
2601,149,Lê Hữu Nga,881688117,lehuunga872@hotmail.com,3,0,Không có,1,2024-05-03 17:00:00,NULL
2602,111,Võ Thu Nga,888200205,vothunga931@yahoo.com,3,1,Không có,1,2024-06-07 17:00:00,NULL
2603,139,Phan Thanh Hương,774878399,phanthanhhuong173@vku.udn.vn,2,1,Không có,1,2024-02-14 17:00:00,NULL
2604,140,Lý Thị Bình,709320217,lythibinh425@vku.udn.vn,1,0,Không có,1,2024-03-31 17:00:00,NULL
2605,307,Hoàng Thanh Hương,342836793,hoangthanhhuong921@hotmail.com,1,3,Không có,1,2024-12-28 17:00:00,NULL
2606,139,Đỗ Quốc Phong,309520557,doquocphong435@gmail.com,1,0,Không có,1,2024-11-18 17:00:00,NULL
2607,79,Vũ Thu Dũng,359436752,vuthudung548@hotmail.com,3,0,Không có,1,2024-05-15 17:00:00,NULL
2608,333,Hoàng Hải Bình,606798268,hoanghaibinh241@hotmail.com,3,0,Không có,1,2024-01-15 17:00:00,NULL
2609,390,Bùi Hải Long,774637858,buihailong779@gmail.com,3,3,Không có,1,2024-01-17 17:00:00,NULL
2610,66,Lê Thị Nam,679812953,lethinam770@outlook.com,2,0,Không có,1,2024-05-24 17:00:00,NULL
2611,259,Võ Thanh Cường,697478786,vothanhcuong364@yahoo.com,3,0,Không có,1,2024-10-25 17:00:00,NULL
2612,26,Võ Quốc Bình,343974140,voquocbinh756@yahoo.com,2,2,Không có,1,2024-08-25 17:00:00,NULL
2613,257,Lý Thanh Trang,506468299,lythanhtrang722@gmail.com,3,0,Không có,1,2024-03-28 17:00:00,NULL
2614,354,Bùi Thu Phong,819151495,buithuphong477@outlook.com,1,0,Không có,1,2024-03-10 17:00:00,NULL
2615,22,Trần Minh Hương,573351693,tranminhhuong411@hotmail.com,2,3,Không có,1,2024-01-01 17:00:00,NULL
2616,44,Phạm Thu Hương,498346602,phamthuhuong560@hotmail.com,1,1,Không có,1,2024-07-03 17:00:00,NULL
2617,356,Bùi Hoàng Long,706936666,buihoanglong345@gmail.com,1,0,Không có,1,2024-10-12 17:00:00,NULL
2618,83,Đỗ Quốc Linh,459346020,doquoclinh746@gmail.com,3,1,Không có,1,2024-10-07 17:00:00,NULL
2619,374,Nguyễn Hoàng Nam,406551233,nguyenhoangnam971@yahoo.com,1,0,Không có,1,2024-04-05 17:00:00,NULL
2620,352,Nguyễn Quốc Hạnh,826350075,nguyenquochanh109@outlook.com,1,0,Không có,1,2024-10-22 17:00:00,NULL
2621,258,Ngô Minh Bình,549957310,ngominhbinh888@gmail.com,3,0,Không có,1,2024-11-10 17:00:00,NULL
2622,144,Dương Văn Dũng,442138605,duongvandung315@hotmail.com,1,0,Không có,1,2024-08-15 17:00:00,NULL
2623,133,Ngô Minh Phong,709200097,ngominhphong779@gmail.com,1,0,Không có,1,2024-04-23 17:00:00,NULL
2624,348,Ngô Hữu Hùng,416070149,ngohuuhung593@gmail.com,3,0,Không có,1,2024-12-27 17:00:00,NULL
2625,311,Ngô Thị Linh,341580226,ngothilinh880@outlook.com,1,2,Không có,1,2024-04-20 17:00:00,NULL
2626,121,Nguyễn Đức Phong,357130204,nguyenducphong235@outlook.com,1,2,Không có,1,2024-12-10 17:00:00,NULL
2627,8,Hoàng Thanh Linh,437312945,hoangthanhlinh650@gmail.com,2,3,Không có,1,2024-04-09 17:00:00,NULL
2628,257,Lý Thanh Trang,506468299,lythanhtrang722@gmail.com,1,3,Không có,1,2024-08-24 17:00:00,NULL
2629,70,Dương Đức Long,699748123,duongduclong217@gmail.com,1,0,Không có,1,2024-04-22 17:00:00,NULL
2630,44,Vũ Hải Dũng,748342099,vuhaidung305@outlook.com,2,0,Không có,1,2024-07-20 17:00:00,NULL
2631,255,Vũ Thị Lan,669319644,vuthilan619@hotmail.com,1,2,Không có,1,2024-10-12 17:00:00,NULL
2632,283,Trần Quốc Lan,754814084,tranquoclan421@outlook.com,3,0,Không có,1,2024-04-14 17:00:00,NULL
2633,325,Đỗ Minh Dũng,513814138,dominhdung151@gmail.com,3,0,Không có,1,2024-01-29 17:00:00,NULL
2634,295,Phan Minh Dũng,637352358,phanminhdung245@hotmail.com,3,0,Không có,1,2024-07-17 17:00:00,NULL
2635,303,Hoàng Văn Bình,981057736,hoangvanbinh434@hotmail.com,3,3,Không có,1,2024-01-17 17:00:00,NULL
2636,288,Phạm Quốc Hương,362959284,phamquochuong169@outlook.com,2,0,Không có,1,2024-01-29 17:00:00,NULL
2637,290,Lê Đức Hùng,533754555,leduchung992@gmail.com,2,2,Không có,1,2024-06-27 17:00:00,NULL
2638,133,Vũ Quốc Lan,893914313,vuquoclan941@gmail.com,1,1,Không có,1,2024-10-07 17:00:00,NULL
2639,333,Hoàng Hải Bình,606798268,hoanghaibinh241@hotmail.com,2,2,Không có,1,2024-05-19 17:00:00,NULL
2640,26,Ngô Đức Lan,735617461,ngoduclan258@vku.udn.vn,3,0,Không có,1,2024-07-19 17:00:00,NULL
2641,361,Hồ Đức Hùng,924440558,hoduchung378@outlook.com,2,0,Không có,1,2024-04-16 17:00:00,NULL
2642,65,Hồ Thanh Lan,839779084,hothanhlan565@outlook.com,3,3,Không có,1,2024-03-30 17:00:00,NULL
2643,38,Dương Thu Linh,301363076,duongthulinh732@outlook.com,1,0,Không có,1,2024-06-08 17:00:00,NULL
2644,3,Lê Minh Phong,401658540,leminhphong363@outlook.com,3,0,Không có,1,2024-09-02 17:00:00,NULL
2645,294,Bùi Văn Trang,388029013,buivantrang430@vku.udn.vn,1,0,Không có,1,2024-11-01 17:00:00,NULL
2646,275,Dương Thị Phong,871988889,duongthiphong785@yahoo.com,1,1,Không có,1,2024-10-21 17:00:00,NULL
2647,6,Võ Thị Trang,465032227,vothitrang433@gmail.com,3,0,Không có,1,2024-10-31 17:00:00,NULL
2648,24,Phan Thu Nga,465892596,phanthunga358@outlook.com,3,1,Không có,1,2024-08-31 17:00:00,NULL
2649,133,Đỗ Đức Hương,935557446,doduchuong61@outlook.com,2,0,Không có,1,2024-02-23 17:00:00,NULL
2650,50,Dương Đức Hạnh,953587232,duongduchanh696@vku.udn.vn,1,0,Không có,1,2024-01-24 17:00:00,NULL
2651,33,Lý Hoàng Nam,912806514,lyhoangnam397@gmail.com,2,2,Không có,1,2024-05-24 17:00:00,NULL
2652,6,Lý Thu Nam,836401866,lythunam78@vku.udn.vn,1,0,Không có,1,2024-02-21 17:00:00,NULL
2653,392,Đỗ Hoàng Phong,556943695,dohoangphong727@yahoo.com,1,3,Không có,1,2024-10-28 17:00:00,NULL
2654,324,Hoàng Thu Long,979615069,hoangthulong635@hotmail.com,2,0,Không có,1,2024-09-05 17:00:00,NULL
2655,323,Võ Hải Mai,529460134,vohaimai524@outlook.com,1,0,Không có,1,2024-08-19 17:00:00,NULL
2656,266,Đặng Hải Bình,350590821,danghaibinh882@gmail.com,2,1,Không có,1,2024-03-06 17:00:00,NULL
2657,73,Bùi Quốc Mai,434148985,buiquocmai667@gmail.com,2,0,Không có,1,2024-04-06 17:00:00,NULL
2658,289,Hoàng Hải Hùng,754200826,hoanghaihung714@vku.udn.vn,1,0,Không có,1,2024-03-15 17:00:00,NULL
2659,302,Phạm Thanh Dũng,981007818,phamthanhdung874@hotmail.com,1,0,Không có,1,2024-11-02 17:00:00,NULL
2660,119,Phan Hoàng Hạnh,609404070,phanhoanghanh639@yahoo.com,3,0,Không có,1,2024-02-29 17:00:00,NULL
2661,118,Phạm Minh Nam,982014106,phamminhnam929@yahoo.com,2,1,Không có,1,2024-05-22 17:00:00,NULL
2662,321,Đỗ Hữu Trang,911072118,dohuutrang309@outlook.com,3,2,Không có,1,2024-04-20 17:00:00,NULL
2663,147,Phan Minh Hùng,437719754,phanminhhung766@yahoo.com,3,0,Không có,1,2024-12-24 17:00:00,NULL
2664,106,Phạm Minh Lan,894873293,phamminhlan375@yahoo.com,3,2,Không có,1,2024-09-25 17:00:00,NULL
2665,25,Đỗ Hải Lan,531013547,dohailan213@gmail.com,3,1,Không có,1,2024-06-12 17:00:00,NULL
2666,100,Hoàng Minh Dũng,316347997,hoangminhdung4@gmail.com,2,0,Không có,1,2024-02-17 17:00:00,NULL
2667,141,Phạm Đức Hương,784175538,phamduchuong284@vku.udn.vn,1,2,Không có,1,2024-02-18 17:00:00,NULL
2668,314,Đỗ Thu Linh,875757257,dothulinh340@gmail.com,2,2,Không có,1,2024-08-30 17:00:00,NULL
2669,326,Võ Hoàng Hạnh,378198716,vohoanghanh467@outlook.com,1,0,Không có,1,2024-05-26 17:00:00,NULL
2670,88,Hồ Thu Dũng,896544704,hothudung817@outlook.com,2,0,Không có,1,2024-08-11 17:00:00,NULL
2671,308,Đỗ Thị Lan,901170349,dothilan906@outlook.com,1,3,Không có,1,2024-07-11 17:00:00,NULL
2672,378,Đỗ Đức Linh,423240112,doduclinh558@yahoo.com,1,1,Không có,1,2024-09-13 17:00:00,NULL
2673,306,Dương Thanh Trang,893269304,duongthanhtrang152@outlook.com,2,2,Không có,1,2024-02-17 17:00:00,NULL
2674,144,Trần Văn Hạnh,802170308,tranvanhanh399@yahoo.com,3,3,Không có,1,2024-08-08 17:00:00,NULL
2675,373,Lý Hải Hùng,931924051,lyhaihung440@hotmail.com,1,0,Không có,1,2024-10-22 17:00:00,NULL
2676,275,Dương Thị Phong,871988889,duongthiphong785@yahoo.com,2,2,Không có,1,2024-08-23 17:00:00,NULL
2677,115,Bùi Hoàng Anh,735984609,buihoanganh696@outlook.com,1,0,Không có,1,2024-08-08 17:00:00,NULL
2678,17,Vũ Minh Mai,380085854,vuminhmai634@yahoo.com,2,2,Không có,1,2024-06-19 17:00:00,NULL
2679,131,Đặng Văn Linh,914497987,dangvanlinh466@vku.udn.vn,2,1,Không có,1,2024-11-16 17:00:00,NULL
2680,117,Bùi Hải Bình,688599931,buihaibinh681@hotmail.com,3,1,Không có,1,2024-10-16 17:00:00,NULL
2681,103,Đỗ Hải Dũng,744216436,dohaidung641@yahoo.com,1,2,Không có,1,2024-02-29 17:00:00,NULL
2682,35,Dương Đức Nam,741009421,duongducnam938@yahoo.com,2,0,Không có,1,2024-04-11 17:00:00,NULL
2683,357,Lê Hải Dũng,680990401,lehaidung817@hotmail.com,3,1,Không có,1,2024-03-16 17:00:00,NULL
2684,15,Bùi Quốc Lan,989001620,buiquoclan900@yahoo.com,3,0,Không có,1,2024-03-26 17:00:00,NULL
2685,349,Đỗ Quốc Linh,512954978,doquoclinh78@vku.udn.vn,3,0,Không có,1,2024-09-28 17:00:00,NULL
2686,144,Lê Minh Hạnh,410981706,leminhhanh31@hotmail.com,1,3,Không có,1,2024-05-19 17:00:00,NULL
2687,367,Lê Minh Anh,358546865,leminhanh567@hotmail.com,3,1,Không có,1,2024-04-14 17:00:00,NULL
2688,22,Ngô Văn Nam,604596020,ngovannam978@vku.udn.vn,1,0,Không có,1,2024-04-09 17:00:00,NULL
2689,353,Hồ Hữu Linh,489125618,hohuulinh752@vku.udn.vn,2,2,Không có,1,2024-12-14 17:00:00,NULL
2690,103,Hoàng Hải Nga,666568458,hoanghainga605@yahoo.com,1,0,Không có,1,2024-05-13 17:00:00,NULL
2691,96,Vũ Hải Anh,983446254,vuhaianh493@gmail.com,3,2,Không có,1,2024-01-14 17:00:00,NULL
2692,96,Hoàng Thanh Trang,859330677,hoangthanhtrang661@vku.udn.vn,2,3,Không có,1,2024-04-20 17:00:00,NULL
2693,55,Đỗ Quốc Hạnh,427888610,doquochanh657@hotmail.com,1,1,Không có,1,2024-01-04 17:00:00,NULL
2694,328,Lý Thị Phong,756497252,lythiphong225@yahoo.com,1,1,Không có,1,2024-01-05 17:00:00,NULL
2695,69,Ngô Minh Dũng,759585814,ngominhdung758@gmail.com,2,3,Không có,1,2024-04-05 17:00:00,NULL
2696,385,Lý Minh Cường,928492896,lyminhcuong447@outlook.com,3,0,Không có,1,2024-01-12 17:00:00,NULL
2697,326,Võ Hoàng Hạnh,378198716,vohoanghanh467@outlook.com,3,2,Không có,1,2024-03-03 17:00:00,NULL
2698,308,Đỗ Thị Lan,901170349,dothilan906@outlook.com,2,0,Không có,1,2024-11-02 17:00:00,NULL
2699,4,Lý Hữu Anh,974262059,lyhuuanh121@yahoo.com,3,0,Không có,1,2024-06-28 17:00:00,NULL
2700,67,Đặng Minh Nam,854271220,dangminhnam460@yahoo.com,2,1,Không có,1,2024-10-16 17:00:00,NULL
2701,351,Phan Thu Linh,697897455,phanthulinh71@vku.udn.vn,1,2,Không có,1,2024-06-16 17:00:00,NULL
2702,83,Phan Hữu Hạnh,994196943,phanhuuhanh372@hotmail.com,2,3,Không có,1,2024-08-10 17:00:00,NULL
2703,24,Trần Thanh Anh,850291347,tranthanhanh845@hotmail.com,3,0,Không có,1,2024-11-12 17:00:00,NULL
2704,251,Đỗ Thu Bình,934036506,dothubinh433@gmail.com,2,2,Không có,1,2024-08-14 17:00:00,NULL
2705,63,Nguyễn Hải Anh,655337604,nguyenhaianh728@hotmail.com,2,2,Không có,1,2024-10-26 17:00:00,NULL
2706,353,Hồ Hữu Linh,489125618,hohuulinh752@vku.udn.vn,2,2,Không có,1,2024-06-23 17:00:00,NULL
2707,66,Trần Đức Hùng,983940790,tranduchung106@outlook.com,1,0,Không có,1,2024-07-21 17:00:00,NULL
2708,289,Hoàng Hải Hùng,754200826,hoanghaihung714@vku.udn.vn,2,2,Không có,1,2024-10-11 17:00:00,NULL
2709,30,Hoàng Đức Bình,697882322,hoangducbinh486@gmail.com,2,3,Không có,1,2024-06-02 17:00:00,NULL
2710,344,Võ Văn Nam,879196799,vovannam54@hotmail.com,3,1,Không có,1,2024-11-15 17:00:00,NULL
2711,127,Phan Thu Dũng,399680428,phanthudung612@gmail.com,1,0,Không có,1,2024-11-25 17:00:00,NULL
2712,107,Hồ Đức Trang,836628492,hoductrang444@yahoo.com,3,0,Không có,1,2024-05-24 17:00:00,NULL
2713,35,Vũ Quốc Dũng,445078175,vuquocdung766@hotmail.com,3,0,Không có,1,2024-05-24 17:00:00,NULL
2714,325,Đỗ Minh Dũng,513814138,dominhdung151@gmail.com,3,2,Không có,1,2024-09-21 17:00:00,NULL
2715,274,Nguyễn Đức Hương,909194872,nguyenduchuong970@gmail.com,1,0,Không có,1,2024-08-10 17:00:00,NULL
2716,368,Đỗ Hải Bình,313169872,dohaibinh588@hotmail.com,2,2,Không có,1,2024-03-11 17:00:00,NULL
2717,354,Bùi Thu Phong,819151495,buithuphong477@outlook.com,1,2,Không có,1,2024-04-26 17:00:00,NULL
2718,359,Trần Đức Nam,736398872,tranducnam501@vku.udn.vn,3,1,Không có,1,2024-06-15 17:00:00,NULL
2719,133,Vũ Thanh Dũng,571865862,vuthanhdung904@hotmail.com,1,0,Không có,1,2024-03-24 17:00:00,NULL
2720,54,Ngô Thanh Linh,552793653,ngothanhlinh384@gmail.com,1,0,Không có,1,2024-06-14 17:00:00,NULL
2721,383,Nguyễn Thị Dũng,917615339,nguyenthidung602@gmail.com,2,3,Không có,1,2024-04-05 17:00:00,NULL
2722,27,Nguyễn Văn Lan,947615429,nguyenvanlan155@yahoo.com,1,2,Không có,1,2024-10-06 17:00:00,NULL
2723,12,Hoàng Văn Long,693290576,hoangvanlong496@outlook.com,1,0,Không có,1,2024-02-26 17:00:00,NULL
2724,23,Phan Đức Hạnh,603349491,phanduchanh471@gmail.com,2,0,Không có,1,2024-03-11 17:00:00,NULL
2725,82,Vũ Quốc Lan,488477998,vuquoclan408@gmail.com,1,0,Không có,1,2024-08-14 17:00:00,NULL
2726,272,Lê Thanh Phong,473461957,lethanhphong553@vku.udn.vn,1,1,Không có,1,2024-03-11 17:00:00,NULL
2727,60,Võ Thị Phong,389366559,vothiphong73@yahoo.com,3,2,Không có,1,2024-10-07 17:00:00,NULL
2728,99,Trần Quốc Lan,774981617,tranquoclan485@gmail.com,3,0,Không có,1,2024-11-17 17:00:00,NULL
2729,272,Lê Thanh Phong,473461957,lethanhphong553@vku.udn.vn,3,0,Không có,1,2024-01-17 17:00:00,NULL
2730,381,Hồ Quốc Hùng,837377910,hoquochung553@outlook.com,3,0,Không có,1,2024-01-25 17:00:00,NULL
2731,117,Hồ Văn Anh,602589420,hovananh592@vku.udn.vn,1,1,Không có,1,2024-06-09 17:00:00,NULL
2732,332,Hoàng Đức Hạnh,984683755,hoangduchanh284@vku.udn.vn,2,3,Không có,1,2024-01-05 17:00:00,NULL
2733,89,Đặng Thị Mai,777224370,dangthimai388@vku.udn.vn,2,0,Không có,1,2024-11-16 17:00:00,NULL
2734,284,Nguyễn Quốc Nam,664323393,nguyenquocnam820@gmail.com,3,0,Không có,1,2024-01-15 17:00:00,NULL
2735,296,Đỗ Minh Mai,639492674,dominhmai952@gmail.com,3,1,Không có,1,2024-09-05 17:00:00,NULL
2736,17,Dương Hữu Nam,517574290,duonghuunam343@vku.udn.vn,2,1,Không có,1,2024-01-22 17:00:00,NULL
2737,267,Ngô Quốc Trang,368212356,ngoquoctrang395@outlook.com,3,0,Không có,1,2024-02-25 17:00:00,NULL
2738,326,Võ Hoàng Hạnh,378198716,vohoanghanh467@outlook.com,1,0,Không có,1,2024-10-18 17:00:00,NULL
2739,28,Bùi Thanh Linh,730819813,buithanhlinh664@vku.udn.vn,2,1,Không có,1,2024-12-22 17:00:00,NULL
2740,391,Đặng Hữu Hương,609268943,danghuuhuong449@outlook.com,1,3,Không có,1,2024-01-18 17:00:00,NULL
2741,374,Nguyễn Hoàng Nam,406551233,nguyenhoangnam971@yahoo.com,2,3,Không có,1,2024-09-09 17:00:00,NULL
2742,273,Phan Hải Anh,420117054,phanhaianh952@hotmail.com,1,0,Không có,1,2024-07-08 17:00:00,NULL
2743,105,Bùi Thị Trang,917612016,buithitrang431@vku.udn.vn,1,0,Không có,1,2024-08-05 17:00:00,NULL
2744,292,Lê Văn Nga,386019028,levannga872@yahoo.com,1,0,Không có,1,2024-11-16 17:00:00,NULL
2745,90,Bùi Hoàng Dũng,431233264,buihoangdung298@hotmail.com,2,0,Không có,1,2024-05-08 17:00:00,NULL
2746,395,Võ Đức Mai,891916368,voducmai149@outlook.com,1,2,Không có,1,2024-02-11 17:00:00,NULL
2747,350,Trần Minh Hạnh,944687060,tranminhhanh825@gmail.com,2,0,Không có,1,2024-12-07 17:00:00,NULL
2748,75,Đỗ Thanh Linh,575502895,dothanhlinh191@vku.udn.vn,1,0,Không có,1,2024-09-19 17:00:00,NULL
2749,269,Ngô Minh Phong,988227492,ngominhphong349@gmail.com,3,0,Không có,1,2024-10-22 17:00:00,NULL
2750,79,Lê Hoàng Dũng,644627657,lehoangdung379@outlook.com,1,2,Không có,1,2024-09-14 17:00:00,NULL
2751,30,Hoàng Quốc Cường,432543361,hoangquoccuong4@yahoo.com,1,0,Không có,1,2024-07-14 17:00:00,NULL
2752,302,Phạm Thanh Dũng,981007818,phamthanhdung874@hotmail.com,1,0,Không có,1,2024-01-02 17:00:00,NULL
2753,316,Hồ Thanh Linh,950911797,hothanhlinh524@gmail.com,1,0,Không có,1,2024-01-26 17:00:00,NULL
2754,135,Vũ Thị Linh,952161536,vuthilinh527@gmail.com,2,1,Không có,1,2024-03-27 17:00:00,NULL
2755,287,Dương Văn Bình,553810544,duongvanbinh171@outlook.com,3,0,Không có,1,2024-10-31 17:00:00,NULL
2756,392,Đỗ Hoàng Phong,556943695,dohoangphong727@yahoo.com,3,0,Không có,1,2024-06-03 17:00:00,NULL
2757,60,Bùi Thị Hùng,742583515,buithihung876@yahoo.com,2,0,Không có,1,2024-02-12 17:00:00,NULL
2758,80,Trần Thu Cường,944092489,tranthucuong475@yahoo.com,1,0,Không có,1,2024-08-10 17:00:00,NULL
2759,398,Dương Hữu Mai,878296492,duonghuumai496@hotmail.com,1,2,Không có,1,2024-02-27 17:00:00,NULL
2760,264,Vũ Hải Cường,584412919,vuhaicuong143@yahoo.com,1,3,Không có,1,2024-04-29 17:00:00,NULL
2761,131,Lê Thanh Dũng,470645484,lethanhdung960@hotmail.com,1,2,Không có,1,2024-02-10 17:00:00,NULL
2762,320,Hồ Minh Nga,436674237,hominhnga197@outlook.com,2,3,Không có,1,2024-07-15 17:00:00,NULL
2763,257,Lý Thanh Trang,506468299,lythanhtrang722@gmail.com,1,0,Không có,1,2024-09-05 17:00:00,NULL
2764,29,Ngô Hải Phong,670081565,ngohaiphong999@yahoo.com,2,0,Không có,1,2024-02-06 17:00:00,NULL
2765,122,Bùi Đức Hương,972761878,buiduchuong391@yahoo.com,1,1,Không có,1,2024-10-10 17:00:00,NULL
2766,121,Đỗ Đức Lan,802059410,doduclan256@hotmail.com,3,0,Không có,1,2024-02-05 17:00:00,NULL
2767,398,Dương Hữu Mai,878296492,duonghuumai496@hotmail.com,1,0,Không có,1,2024-07-11 17:00:00,NULL
2768,90,Phan Minh Bình,523519883,phanminhbinh596@outlook.com,3,3,Không có,1,2024-02-20 17:00:00,NULL
2769,278,Võ Thu Mai,429927269,vothumai254@yahoo.com,3,0,Không có,1,2024-04-26 17:00:00,NULL
2770,341,Nguyễn Quốc Trang,906011277,nguyenquoctrang679@gmail.com,1,2,Không có,1,2024-04-19 17:00:00,NULL
2771,260,Hồ Thị Trang,981802744,hothitrang176@vku.udn.vn,1,1,Không có,1,2024-03-01 17:00:00,NULL
2772,114,Phạm Văn Hạnh,924343632,phamvanhanh443@hotmail.com,2,3,Không có,1,2024-05-01 17:00:00,NULL
2773,16,Đặng Thanh Nam,347816294,dangthanhnam95@gmail.com,1,0,Không có,1,2024-09-16 17:00:00,NULL
2774,41,Đỗ Thu Mai,988837037,dothumai546@outlook.com,3,0,Không có,1,2024-01-23 17:00:00,NULL
2775,97,Đỗ Minh Long,528755493,dominhlong508@hotmail.com,3,0,Không có,1,2024-01-05 17:00:00,NULL
2776,260,Hồ Thị Trang,981802744,hothitrang176@vku.udn.vn,2,0,Không có,1,2024-07-28 17:00:00,NULL
2777,36,Lê Văn Nam,437335021,levannam484@yahoo.com,3,0,Không có,1,2024-04-29 17:00:00,NULL
2778,42,Phạm Thu Mai,438290091,phamthumai476@gmail.com,1,2,Không có,1,2024-09-07 17:00:00,NULL
2779,362,Phan Quốc Nam,890975123,phanquocnam339@hotmail.com,1,3,Không có,1,2024-07-02 17:00:00,NULL
2780,61,Đỗ Thị Lan,642521853,dothilan898@outlook.com,3,0,Không có,1,2024-10-22 17:00:00,NULL
2781,74,Nguyễn Quốc Dũng,751483278,nguyenquocdung529@hotmail.com,2,0,Không có,1,2024-04-29 17:00:00,NULL
2782,389,Đỗ Thu Mai,743721204,dothumai56@yahoo.com,2,0,Không có,1,2024-07-01 17:00:00,NULL
2783,21,Ngô Văn Nam,450150111,ngovannam40@outlook.com,3,3,Không có,1,2024-08-26 17:00:00,NULL
2784,254,Phan Minh Cường,531191390,phanminhcuong981@hotmail.com,1,3,Không có,1,2024-12-07 17:00:00,NULL
2785,262,Dương Văn Dũng,334467368,duongvandung825@hotmail.com,2,0,Không có,1,2024-02-10 17:00:00,NULL
2786,256,Đặng Thị Hương,706448196,dangthihuong81@vku.udn.vn,2,1,Không có,1,2024-08-27 17:00:00,NULL
2787,121,Võ Đức Cường,754348034,voduccuong316@outlook.com,3,2,Không có,1,2024-01-24 17:00:00,NULL
2788,32,Võ Văn Hùng,430150374,vovanhung876@vku.udn.vn,1,3,Không có,1,2024-08-13 17:00:00,NULL
2789,297,Bùi Hoàng Bình,378663096,buihoangbinh551@yahoo.com,1,0,Không có,1,2024-08-24 17:00:00,NULL
2790,343,Võ Thanh Lan,707083673,vothanhlan285@outlook.com,1,0,Không có,1,2024-07-12 17:00:00,NULL
2791,275,Dương Thị Phong,871988889,duongthiphong785@yahoo.com,1,1,Không có,1,2024-10-29 17:00:00,NULL
2792,287,Dương Văn Bình,553810544,duongvanbinh171@outlook.com,3,0,Không có,1,2024-05-14 17:00:00,NULL
2793,64,Ngô Thị Nga,637781533,ngothinga282@hotmail.com,1,1,Không có,1,2024-12-07 17:00:00,NULL
2794,265,Hoàng Hoàng Linh,926563708,hoanghoanglinh409@hotmail.com,3,2,Không có,1,2024-11-23 17:00:00,NULL
2795,262,Dương Văn Dũng,334467368,duongvandung825@hotmail.com,3,3,Không có,1,2024-10-10 17:00:00,NULL
2796,368,Đỗ Hải Bình,313169872,dohaibinh588@hotmail.com,1,0,Không có,1,2024-06-09 17:00:00,NULL
2797,128,Hoàng Thu Linh,691007852,hoangthulinh129@outlook.com,2,0,Không có,1,2024-01-24 17:00:00,NULL
2798,13,Hồ Đức Trang,399406859,hoductrang446@gmail.com,2,0,Không có,1,2024-01-12 17:00:00,NULL
2799,396,Đặng Hữu Hạnh,374958005,danghuuhanh283@outlook.com,3,0,Không có,1,2024-01-15 17:00:00,NULL
2800,254,Phan Minh Cường,531191390,phanminhcuong981@hotmail.com,1,3,Không có,1,2024-03-07 17:00:00,NULL
2801,362,Phan Quốc Nam,890975123,phanquocnam339@hotmail.com,3,0,Không có,1,2024-09-08 17:00:00,NULL
2802,301,Lý Thị Nam,894019365,lythinam160@hotmail.com,2,3,Không có,1,2024-12-28 17:00:00,NULL
2803,290,Lê Đức Hùng,533754555,leduchung992@gmail.com,1,3,Không có,1,2024-09-14 17:00:00,NULL
2804,70,Lê Thu Nam,774973335,lethunam971@yahoo.com,2,1,Không có,1,2024-08-31 17:00:00,NULL
2805,114,Ngô Hoàng Cường,428520130,ngohoangcuong82@hotmail.com,1,0,Không có,1,2024-03-08 17:00:00,NULL
2806,298,Lê Thanh Hương,373864104,lethanhhuong901@yahoo.com,1,0,Không có,1,2024-07-02 17:00:00,NULL
2807,389,Đỗ Thu Mai,743721204,dothumai56@yahoo.com,2,1,Không có,1,2024-04-22 17:00:00,NULL
2808,119,Đỗ Hải Long,951264353,dohailong935@hotmail.com,3,3,Không có,1,2024-05-19 17:00:00,NULL
2809,344,Võ Văn Nam,879196799,vovannam54@hotmail.com,3,0,Không có,1,2024-02-12 17:00:00,NULL
2810,280,Hồ Văn Dũng,372370545,hovandung928@gmail.com,3,1,Không có,1,2024-03-07 17:00:00,NULL
2811,282,Bùi Hải Dũng,807850824,buihaidung827@outlook.com,1,2,Không có,1,2024-04-10 17:00:00,NULL
2812,147,Đỗ Thanh Nga,648474222,dothanhnga718@outlook.com,2,3,Không có,1,2024-03-02 17:00:00,NULL
2813,380,Bùi Hoàng Hương,609893263,buihoanghuong450@gmail.com,1,1,Không có,1,2024-06-03 17:00:00,NULL
2814,276,Đặng Hữu Hùng,866585408,danghuuhung894@vku.udn.vn,3,0,Không có,1,2024-12-18 17:00:00,NULL
2815,135,Trần Quốc Phong,782252333,tranquocphong900@outlook.com,2,0,Không có,1,2024-07-15 17:00:00,NULL
2816,329,Võ Văn Nga,567574609,vovannga940@gmail.com,1,1,Không có,1,2024-09-28 17:00:00,NULL
2817,123,Bùi Đức Hương,762954633,buiduchuong864@gmail.com,3,0,Không có,1,2024-08-19 17:00:00,NULL
2818,285,Phạm Thu Mai,450519597,phamthumai433@yahoo.com,1,1,Không có,1,2024-08-11 17:00:00,NULL
2819,399,Ngô Thu Linh,788922557,ngothulinh956@hotmail.com,2,0,Không có,1,2024-04-21 17:00:00,NULL
2820,61,Ngô Văn Hương,827320379,ngovanhuong894@hotmail.com,3,0,Không có,1,2024-04-01 17:00:00,NULL
2821,40,Hồ Thu Hùng,776535677,hothuhung632@vku.udn.vn,3,1,Không có,1,2024-11-29 17:00:00,NULL
2822,17,Ngô Đức Dũng,333701335,ngoducdung893@outlook.com,1,0,Không có,1,2024-01-12 17:00:00,NULL
2823,389,Đỗ Thu Mai,743721204,dothumai56@yahoo.com,2,3,Không có,1,2024-09-13 17:00:00,NULL
2824,322,Hoàng Minh Dũng,761588882,hoangminhdung805@vku.udn.vn,2,2,Không có,1,2024-10-02 17:00:00,NULL
2825,91,Lý Hữu Bình,325566235,lyhuubinh322@vku.udn.vn,1,1,Không có,1,2024-02-11 17:00:00,NULL
2826,65,Phan Minh Bình,997828576,phanminhbinh752@outlook.com,3,1,Không có,1,2024-09-17 17:00:00,NULL
2827,304,Phan Hữu Long,581272327,phanhuulong166@outlook.com,2,0,Không có,1,2024-01-04 17:00:00,NULL
2828,97,Hoàng Minh Cường,762916634,hoangminhcuong171@gmail.com,1,3,Không có,1,2024-09-26 17:00:00,NULL
2829,90,Hoàng Quốc Hạnh,517077577,hoangquochanh984@outlook.com,3,0,Không có,1,2024-12-16 17:00:00,NULL
2830,128,Dương Văn Hương,420300209,duongvanhuong81@gmail.com,3,0,Không có,1,2024-02-14 17:00:00,NULL
2831,131,Lê Hoàng Linh,380337073,lehoanglinh107@hotmail.com,2,0,Không có,1,2024-09-23 17:00:00,NULL
2832,40,Lý Hoàng Linh,518327912,lyhoanglinh997@yahoo.com,3,3,Không có,1,2024-12-29 17:00:00,NULL
2833,284,Nguyễn Quốc Nam,664323393,nguyenquocnam820@gmail.com,3,0,Không có,1,2024-08-24 17:00:00,NULL
2834,377,Hoàng Minh Nam,787512424,hoangminhnam73@yahoo.com,1,0,Không có,1,2024-02-28 17:00:00,NULL
2835,70,Đỗ Hải Cường,433358764,dohaicuong104@yahoo.com,2,3,Không có,1,2024-12-11 17:00:00,NULL
2836,96,Đặng Hữu Hùng,711523213,danghuuhung194@yahoo.com,1,0,Không có,1,2024-07-26 17:00:00,NULL
2837,372,Bùi Hoàng Phong,964021648,buihoangphong232@vku.udn.vn,1,1,Không có,1,2024-01-31 17:00:00,NULL
2838,392,Đỗ Hoàng Phong,556943695,dohoangphong727@yahoo.com,1,2,Không có,1,2024-05-17 17:00:00,NULL
2839,52,Võ Đức Mai,668451866,voducmai447@hotmail.com,2,1,Không có,1,2024-12-24 17:00:00,NULL
2840,306,Dương Thanh Trang,893269304,duongthanhtrang152@outlook.com,2,1,Không có,1,2024-06-30 17:00:00,NULL
2841,322,Hoàng Minh Dũng,761588882,hoangminhdung805@vku.udn.vn,3,0,Không có,1,2024-10-21 17:00:00,NULL
2842,38,Lê Hải Trang,958240337,lehaitrang876@vku.udn.vn,3,0,Không có,1,2024-05-09 17:00:00,NULL
2843,60,Ngô Hữu Bình,752498871,ngohuubinh809@gmail.com,3,0,Không có,1,2024-10-16 17:00:00,NULL
2844,269,Ngô Minh Phong,988227492,ngominhphong349@gmail.com,2,0,Không có,1,2024-05-07 17:00:00,NULL
2845,83,Hồ Thu Dũng,795870697,hothudung327@yahoo.com,3,0,Không có,1,2024-11-17 17:00:00,NULL
2846,362,Phan Quốc Nam,890975123,phanquocnam339@hotmail.com,1,0,Không có,1,2024-02-23 17:00:00,NULL
2847,25,Lý Thanh Hùng,892199586,lythanhhung413@hotmail.com,2,0,Không có,1,2024-06-23 17:00:00,NULL
2848,113,Phan Minh Nam,657445348,phanminhnam421@yahoo.com,1,1,Không có,1,2024-06-29 17:00:00,NULL
2849,263,Trần Đức Hương,909004943,tranduchuong898@hotmail.com,3,3,Không có,1,2024-09-19 17:00:00,NULL
2850,9,Đặng Minh Long,309346639,dangminhlong144@gmail.com,3,0,Không có,1,2024-08-16 17:00:00,NULL
2851,306,Dương Thanh Trang,893269304,duongthanhtrang152@outlook.com,3,1,Không có,1,2024-05-24 17:00:00,NULL
2852,100,Nguyễn Hải Phong,652639870,nguyenhaiphong443@vku.udn.vn,1,2,Không có,1,2024-02-13 17:00:00,NULL
2853,309,Lý Đức Hạnh,474484941,lyduchanh820@yahoo.com,2,1,Không có,1,2024-08-11 17:00:00,NULL
2854,285,Phạm Thu Mai,450519597,phamthumai433@yahoo.com,2,1,Không có,1,2024-06-19 17:00:00,NULL
2855,392,Đỗ Hoàng Phong,556943695,dohoangphong727@yahoo.com,3,2,Không có,1,2024-09-05 17:00:00,NULL
2856,345,Ngô Văn Phong,333318206,ngovanphong973@yahoo.com,2,1,Không có,1,2024-04-07 17:00:00,NULL
2857,89,Ngô Đức Long,686790356,ngoduclong958@vku.udn.vn,1,2,Không có,1,2024-11-10 17:00:00,NULL
2858,47,Đặng Đức Nga,724173151,dangducnga29@gmail.com,3,3,Không có,1,2024-01-24 17:00:00,NULL
2859,129,Đặng Thanh Cường,973432582,dangthanhcuong32@gmail.com,1,0,Không có,1,2024-03-21 17:00:00,NULL
2860,399,Ngô Thu Linh,788922557,ngothulinh956@hotmail.com,3,0,Không có,1,2024-02-06 17:00:00,NULL
2861,96,Lý Đức Bình,821793264,lyducbinh680@outlook.com,3,0,Không có,1,2024-04-04 17:00:00,NULL
2862,307,Hoàng Thanh Hương,342836793,hoangthanhhuong921@hotmail.com,1,0,Không có,1,2024-12-18 17:00:00,NULL
2863,125,Vũ Hoàng Bình,972544767,vuhoangbinh117@outlook.com,1,3,Không có,1,2024-07-08 17:00:00,NULL
2864,133,Dương Đức Cường,313549394,duongduccuong116@outlook.com,1,0,Không có,1,2024-10-05 17:00:00,NULL
2865,112,Lê Thanh Cường,476121366,lethanhcuong672@gmail.com,1,0,Không có,1,2024-03-11 17:00:00,NULL
2866,60,Đỗ Văn Bình,730453803,dovanbinh768@gmail.com,2,2,Không có,1,2024-03-24 17:00:00,NULL
2867,59,Phạm Thu Linh,481768427,phamthulinh896@hotmail.com,2,1,Không có,1,2024-03-09 17:00:00,NULL
2868,122,Đỗ Văn Lan,383326316,dovanlan811@yahoo.com,3,2,Không có,1,2024-02-11 17:00:00,NULL
2869,146,Phan Hữu Nga,825476680,phanhuunga299@outlook.com,2,0,Không có,1,2024-06-13 17:00:00,NULL
2870,354,Bùi Thu Phong,819151495,buithuphong477@outlook.com,2,2,Không có,1,2024-01-12 17:00:00,NULL
2871,335,Hồ Đức Bình,745461013,hoducbinh418@hotmail.com,1,0,Không có,1,2024-10-15 17:00:00,NULL
2872,299,Lê Hải Hạnh,883275843,lehaihanh721@hotmail.com,1,0,Không có,1,2024-07-04 17:00:00,NULL
2873,283,Trần Quốc Lan,754814084,tranquoclan421@outlook.com,2,3,Không có,1,2024-04-08 17:00:00,NULL
2874,255,Vũ Thị Lan,669319644,vuthilan619@hotmail.com,2,0,Không có,1,2024-10-03 17:00:00,NULL
2875,17,Dương Hải Phong,438444319,duonghaiphong818@gmail.com,1,3,Không có,1,2024-02-17 17:00:00,NULL
2876,328,Lý Thị Phong,756497252,lythiphong225@yahoo.com,3,0,Không có,1,2024-04-06 17:00:00,NULL
2877,371,Ngô Hoàng Hùng,391462297,ngohoanghung255@gmail.com,3,2,Không có,1,2024-12-27 17:00:00,NULL
2878,133,Hoàng Thu Hùng,788458623,hoangthuhung273@yahoo.com,1,2,Không có,1,2024-12-05 17:00:00,NULL
2879,42,Dương Đức Hạnh,719220013,duongduchanh320@gmail.com,3,0,Không có,1,2024-07-25 17:00:00,NULL
2880,71,Vũ Hữu Phong,897649808,vuhuuphong890@vku.udn.vn,2,0,Không có,1,2024-12-17 17:00:00,NULL
2881,338,Dương Quốc Nga,886405096,duongquocnga820@vku.udn.vn,1,0,Không có,1,2024-02-29 17:00:00,NULL
2882,250,Đỗ Thị Anh,595310485,dothianh251@yahoo.com,3,0,Không có,1,2024-07-11 17:00:00,NULL
2883,354,Bùi Thu Phong,819151495,buithuphong477@outlook.com,2,0,Không có,1,2024-03-31 17:00:00,NULL
2884,394,Đỗ Hữu Mai,613383963,dohuumai522@hotmail.com,3,0,Không có,1,2024-01-31 17:00:00,NULL
2885,123,Trần Hữu Hùng,556207634,tranhuuhung415@hotmail.com,3,1,Không có,1,2024-05-12 17:00:00,NULL
2886,376,Nguyễn Quốc Mai,937599912,nguyenquocmai482@hotmail.com,2,1,Không có,1,2024-01-24 17:00:00,NULL
2887,302,Phạm Thanh Dũng,981007818,phamthanhdung874@hotmail.com,3,0,Không có,1,2024-10-30 17:00:00,NULL
2888,78,Trần Thanh Trang,415406946,tranthanhtrang10@gmail.com,1,0,Không có,1,2024-07-15 17:00:00,NULL
2889,29,Đặng Quốc Hương,962605291,dangquochuong82@hotmail.com,3,0,Không có,1,2024-09-17 17:00:00,NULL
2890,75,Nguyễn Văn Long,391028944,nguyenvanlong70@hotmail.com,2,0,Không có,1,2024-07-12 17:00:00,NULL
2891,376,Nguyễn Quốc Mai,937599912,nguyenquocmai482@hotmail.com,2,3,Không có,1,2024-03-26 17:00:00,NULL
2892,343,Võ Thanh Lan,707083673,vothanhlan285@outlook.com,2,2,Không có,1,2024-08-09 17:00:00,NULL
2893,120,Vũ Văn Hạnh,527073892,vuvanhanh633@outlook.com,2,0,Không có,1,2024-01-13 17:00:00,NULL
2894,69,Dương Minh Lan,365375095,duongminhlan597@hotmail.com,3,0,Không có,1,2024-06-07 17:00:00,NULL
2895,272,Lê Thanh Phong,473461957,lethanhphong553@vku.udn.vn,3,3,Không có,1,2024-06-13 17:00:00,NULL
2896,317,Phạm Minh Anh,768213197,phamminhanh2@vku.udn.vn,3,3,Không có,1,2024-12-02 17:00:00,NULL
2897,391,Đặng Hữu Hương,609268943,danghuuhuong449@outlook.com,2,2,Không có,1,2024-05-16 17:00:00,NULL
2898,116,Lê Hoàng Hùng,635321969,lehoanghung428@gmail.com,1,3,Không có,1,2024-12-10 17:00:00,NULL
2899,306,Dương Thanh Trang,893269304,duongthanhtrang152@outlook.com,1,2,Không có,1,2024-02-08 17:00:00,NULL
2900,149,Đặng Thanh Hùng,868160786,dangthanhhung289@gmail.com,3,0,Không có,1,2024-07-14 17:00:00,NULL
2901,323,Võ Hải Mai,529460134,vohaimai524@outlook.com,1,3,Không có,1,2024-11-17 17:00:00,NULL
2902,84,Võ Đức Hạnh,789776865,voduchanh427@hotmail.com,2,0,Không có,1,2024-09-04 17:00:00,NULL
2903,272,Lê Thanh Phong,473461957,lethanhphong553@vku.udn.vn,2,0,Không có,1,2024-02-24 17:00:00,NULL
2904,99,Nguyễn Hữu Linh,764033264,nguyenhuulinh257@gmail.com,1,1,Không có,1,2024-06-07 17:00:00,NULL
2905,326,Võ Hoàng Hạnh,378198716,vohoanghanh467@outlook.com,1,0,Không có,1,2024-05-09 17:00:00,NULL
2906,20,Hoàng Thu Phong,390873290,hoangthuphong573@vku.udn.vn,3,3,Không có,1,2024-08-19 17:00:00,NULL
2907,256,Đặng Thị Hương,706448196,dangthihuong81@vku.udn.vn,2,3,Không có,1,2024-11-14 17:00:00,NULL
2908,267,Ngô Quốc Trang,368212356,ngoquoctrang395@outlook.com,2,1,Không có,1,2024-02-06 17:00:00,NULL
2909,352,Nguyễn Quốc Hạnh,826350075,nguyenquochanh109@outlook.com,2,0,Không có,1,2024-07-10 17:00:00,NULL
2910,278,Võ Thu Mai,429927269,vothumai254@yahoo.com,3,0,Không có,1,2024-01-29 17:00:00,NULL
2911,319,Hồ Minh Nga,632091877,hominhnga683@outlook.com,3,2,Không có,1,2024-07-29 17:00:00,NULL
2912,360,Đỗ Hải Mai,318514813,dohaimai96@hotmail.com,3,0,Không có,1,2024-02-15 17:00:00,NULL
2913,316,Hồ Thanh Linh,950911797,hothanhlinh524@gmail.com,2,1,Không có,1,2024-01-22 17:00:00,NULL
2914,274,Nguyễn Đức Hương,909194872,nguyenduchuong970@gmail.com,3,1,Không có,1,2024-05-12 17:00:00,NULL
2915,262,Dương Văn Dũng,334467368,duongvandung825@hotmail.com,1,2,Không có,1,2024-10-09 17:00:00,NULL
2916,302,Phạm Thanh Dũng,981007818,phamthanhdung874@hotmail.com,2,0,Không có,1,2024-08-03 17:00:00,NULL
2917,310,Lê Thanh Phong,742073642,lethanhphong822@yahoo.com,2,3,Không có,1,2024-04-13 17:00:00,NULL
2918,79,Võ Thanh Linh,478457282,vothanhlinh636@hotmail.com,3,2,Không có,1,2024-04-05 17:00:00,NULL
2919,343,Võ Thanh Lan,707083673,vothanhlan285@outlook.com,3,0,Không có,1,2024-09-24 17:00:00,NULL
2920,9,Đỗ Thị Nga,997328606,dothinga343@yahoo.com,3,0,Không có,1,2024-12-09 17:00:00,NULL
2921,258,Ngô Minh Bình,549957310,ngominhbinh888@gmail.com,1,0,Không có,1,2024-03-21 17:00:00,NULL
2922,104,Vũ Hải Hạnh,977917047,vuhaihanh101@vku.udn.vn,2,0,Không có,1,2024-12-28 17:00:00,NULL
2923,130,Lê Minh Hạnh,613650635,leminhhanh875@vku.udn.vn,3,2,Không có,1,2024-08-20 17:00:00,NULL
2924,84,Võ Quốc Hùng,564239159,voquochung589@gmail.com,2,3,Không có,1,2024-12-30 17:00:00,NULL
2925,73,Bùi Minh Nga,923201052,buiminhnga877@hotmail.com,2,0,Không có,1,2024-02-24 17:00:00,NULL
2926,305,Đặng Văn Bình,380792472,dangvanbinh968@yahoo.com,3,0,Không có,1,2024-06-23 17:00:00,NULL
2927,330,Ngô Hải Long,870298515,ngohailong573@vku.udn.vn,1,0,Không có,1,2024-10-14 17:00:00,NULL
2928,399,Ngô Thu Linh,788922557,ngothulinh956@hotmail.com,2,0,Không có,1,2024-01-15 17:00:00,NULL
2929,24,Trần Thị Cường,963363566,tranthicuong12@vku.udn.vn,2,1,Không có,1,2024-01-14 17:00:00,NULL
2930,347,Võ Minh Phong,696098177,vominhphong172@vku.udn.vn,1,1,Không có,1,2024-01-08 17:00:00,NULL
2931,3,Bùi Quốc Mai,641070609,buiquocmai490@gmail.com,2,1,Không có,1,2024-06-25 17:00:00,NULL
2932,106,Võ Đức Nam,679875716,voducnam677@gmail.com,3,2,Không có,1,2024-10-31 17:00:00,NULL
2933,319,Hồ Minh Nga,632091877,hominhnga683@outlook.com,1,0,Không có,1,2024-09-09 17:00:00,NULL
2934,23,Vũ Hải Hương,977320784,vuhaihuong777@yahoo.com,2,3,Không có,1,2024-01-17 17:00:00,NULL
2935,56,Phan Minh Cường,984404186,phanminhcuong955@vku.udn.vn,2,3,Không có,1,2024-09-10 17:00:00,NULL
2936,37,Lê Hoàng Hùng,636632612,lehoanghung65@yahoo.com,3,1,Không có,1,2024-06-28 17:00:00,NULL
2937,21,Đỗ Quốc Hạnh,919805234,doquochanh170@vku.udn.vn,2,0,Không có,1,2024-12-12 17:00:00,NULL
2938,261,Võ Quốc Hùng,987194506,voquochung705@vku.udn.vn,3,0,Không có,1,2024-10-07 17:00:00,NULL
2939,7,Đặng Thị Nga,538866740,dangthinga334@gmail.com,1,0,Không có,1,2024-09-17 17:00:00,NULL
2940,389,Đỗ Thu Mai,743721204,dothumai56@yahoo.com,2,0,Không có,1,2024-04-25 17:00:00,NULL
2941,59,Phạm Quốc Hùng,811772059,phamquochung591@outlook.com,2,3,Không có,1,2024-07-11 17:00:00,NULL
2942,284,Nguyễn Quốc Nam,664323393,nguyenquocnam820@gmail.com,3,1,Không có,1,2024-12-12 17:00:00,NULL
2943,396,Đặng Hữu Hạnh,374958005,danghuuhanh283@outlook.com,2,0,Không có,1,2024-02-22 17:00:00,NULL
2944,381,Hồ Quốc Hùng,837377910,hoquochung553@outlook.com,1,3,Không có,1,2024-08-06 17:00:00,NULL
2945,33,Phạm Đức Hạnh,920712755,phamduchanh212@vku.udn.vn,1,0,Không có,1,2024-01-26 17:00:00,NULL
2946,343,Võ Thanh Lan,707083673,vothanhlan285@outlook.com,2,3,Không có,1,2024-04-07 17:00:00,NULL
2947,77,Hồ Minh Mai,531498678,hominhmai428@yahoo.com,3,1,Không có,1,2024-12-05 17:00:00,NULL
2948,52,Đặng Văn Hạnh,499103734,dangvanhanh962@outlook.com,2,0,Không có,1,2024-02-15 17:00:00,NULL
2949,145,Vũ Đức Anh,842332319,vuducanh208@yahoo.com,1,1,Không có,1,2024-02-12 17:00:00,NULL
2950,258,Ngô Minh Bình,549957310,ngominhbinh888@gmail.com,1,0,Không có,1,2024-07-02 17:00:00,NULL
2951,327,Phạm Quốc Mai,729123992,phamquocmai250@yahoo.com,3,2,Không có,1,2024-01-10 17:00:00,NULL
2952,112,Nguyễn Thị Mai,463475991,nguyenthimai162@outlook.com,3,0,Không có,1,2024-04-12 17:00:00,NULL
2953,44,Trần Văn Nam,716814957,tranvannam974@gmail.com,2,0,Không có,1,2024-11-28 17:00:00,NULL
2954,295,Phan Minh Dũng,637352358,phanminhdung245@hotmail.com,3,3,Không có,1,2024-07-03 17:00:00,NULL
2955,372,Bùi Hoàng Phong,964021648,buihoangphong232@vku.udn.vn,2,0,Không có,1,2024-07-30 17:00:00,NULL
2956,105,Vũ Hải Nga,643006326,vuhainga558@hotmail.com,2,0,Không có,1,2024-03-08 17:00:00,NULL
2957,78,Hoàng Minh Hạnh,794903740,hoangminhhanh856@gmail.com,1,0,Không có,1,2024-12-14 17:00:00,NULL
2958,10,Vũ Hải Bình,664876912,vuhaibinh259@vku.udn.vn,1,0,Không có,1,2024-03-26 17:00:00,NULL
2959,104,Bùi Thu Nam,921685566,buithunam170@hotmail.com,1,0,Không có,1,2024-08-20 17:00:00,NULL
2960,27,Dương Hữu Linh,478503728,duonghuulinh622@outlook.com,2,0,Không có,1,2024-02-25 17:00:00,NULL
2961,270,Lê Hải Anh,582811832,lehaianh996@vku.udn.vn,1,0,Không có,1,2024-05-21 17:00:00,NULL
2962,89,Đặng Minh Hùng,817362422,dangminhhung49@yahoo.com,3,1,Không có,1,2024-05-07 17:00:00,NULL
2963,371,Ngô Hoàng Hùng,391462297,ngohoanghung255@gmail.com,1,2,Không có,1,2024-11-22 17:00:00,NULL
2964,17,Hoàng Minh Hùng,548576056,hoangminhhung482@vku.udn.vn,3,0,Không có,1,2024-08-25 17:00:00,NULL
2965,39,Vũ Thu Long,597470611,vuthulong912@vku.udn.vn,3,1,Không có,1,2024-12-30 17:00:00,NULL
2966,271,Lý Thị Hạnh,971410971,lythihanh306@vku.udn.vn,1,0,Không có,1,2024-05-21 17:00:00,NULL
2967,388,Trần Thanh Hùng,647112584,tranthanhhung119@outlook.com,1,2,Không có,1,2024-08-10 17:00:00,NULL
2968,289,Hoàng Hải Hùng,754200826,hoanghaihung714@vku.udn.vn,1,3,Không có,1,2024-07-20 17:00:00,NULL
2969,317,Phạm Minh Anh,768213197,phamminhanh2@vku.udn.vn,3,0,Không có,1,2024-12-06 17:00:00,NULL
2970,83,Hồ Quốc Anh,671220371,hoquocanh535@vku.udn.vn,1,0,Không có,1,2024-04-16 17:00:00,NULL
2971,389,Đỗ Thu Mai,743721204,dothumai56@yahoo.com,2,0,Không có,1,2024-02-16 17:00:00,NULL
2972,376,Nguyễn Quốc Mai,937599912,nguyenquocmai482@hotmail.com,1,0,Không có,1,2024-06-20 17:00:00,NULL
2973,105,Ngô Thị Nam,636909473,ngothinam691@outlook.com,2,2,Không có,1,2024-04-14 17:00:00,NULL
2974,145,Lý Hoàng Trang,643892326,lyhoangtrang104@outlook.com,3,1,Không có,1,2024-02-22 17:00:00,NULL
2975,328,Lý Thị Phong,756497252,lythiphong225@yahoo.com,3,0,Không có,1,2024-02-25 17:00:00,NULL
2976,35,Hồ Đức Anh,530322489,hoducanh724@hotmail.com,2,1,Không có,1,2024-12-21 17:00:00,NULL
2977,107,Hoàng Thu Nam,590966171,hoangthunam945@gmail.com,3,0,Không có,1,2024-09-08 17:00:00,NULL
2978,26,Bùi Quốc Nga,489477810,buiquocnga759@yahoo.com,3,2,Không có,1,2024-06-07 17:00:00,NULL
2979,79,Đặng Hải Hạnh,820029216,danghaihanh574@yahoo.com,1,0,Không có,1,2024-07-28 17:00:00,NULL
2980,356,Bùi Hoàng Long,706936666,buihoanglong345@gmail.com,2,0,Không có,1,2024-12-30 17:00:00,NULL
2981,134,Đỗ Quốc Hạnh,678088783,doquochanh507@outlook.com,1,1,Không có,1,2024-01-30 17:00:00,NULL
2982,3,Hồ Thanh Anh,491606964,hothanhanh421@hotmail.com,3,1,Không có,1,2024-10-20 17:00:00,NULL
2983,83,Dương Hải Anh,635019035,duonghaianh148@hotmail.com,1,0,Không có,1,2024-09-05 17:00:00,NULL
2984,317,Phạm Minh Anh,768213197,phamminhanh2@vku.udn.vn,3,0,Không có,1,2024-11-29 17:00:00,NULL
2985,124,Vũ Hải Linh,607613081,vuhailinh416@hotmail.com,3,0,Không có,1,2024-02-16 17:00:00,NULL
2986,269,Ngô Minh Phong,988227492,ngominhphong349@gmail.com,1,0,Không có,1,2024-03-20 17:00:00,NULL
2987,290,Lê Đức Hùng,533754555,leduchung992@gmail.com,2,2,Không có,1,2024-06-18 17:00:00,NULL
2988,71,Võ Văn Lan,968827846,vovanlan988@yahoo.com,2,0,Không có,1,2024-01-15 17:00:00,NULL
2989,50,Phạm Thanh Linh,711109628,phamthanhlinh26@gmail.com,3,0,Không có,1,2024-11-30 17:00:00,NULL
2990,274,Nguyễn Đức Hương,909194872,nguyenduchuong970@gmail.com,3,0,Không có,1,2024-05-15 17:00:00,NULL
2991,316,Hồ Thanh Linh,950911797,hothanhlinh524@gmail.com,1,0,Không có,1,2024-06-11 17:00:00,NULL
2992,136,Bùi Thu Nga,896524221,buithunga280@gmail.com,3,3,Không có,1,2024-02-23 17:00:00,NULL
2993,257,Lý Thanh Trang,506468299,lythanhtrang722@gmail.com,3,0,Không có,1,2024-07-23 17:00:00,NULL
2994,382,Bùi Văn Hương,763887247,buivanhuong753@hotmail.com,3,3,Không có,1,2024-04-19 17:00:00,NULL
2995,22,Lý Hữu Long,612042421,lyhuulong77@yahoo.com,2,1,Không có,1,2024-02-18 17:00:00,NULL
2996,280,Hồ Văn Dũng,372370545,hovandung928@gmail.com,3,0,Không có,1,2024-01-26 17:00:00,NULL
2997,302,Phạm Thanh Dũng,981007818,phamthanhdung874@hotmail.com,2,1,Không có,1,2024-05-04 17:00:00,NULL
2998,52,Đỗ Thị Linh,342374903,dothilinh278@hotmail.com,3,1,Không có,1,2024-01-29 17:00:00,NULL
2999,76,Vũ Minh Bình,743692542,vuminhbinh939@yahoo.com,1,0,Không có,1,2024-04-24 17:00:00,NULL
3000,381,Hồ Quốc Hùng,837377910,hoquochung553@outlook.com,1,0,Không có,1,2024-09-14 17:00:00,NULL
3001,392,Đỗ Hoàng Phong,556943695,dohoangphong727@yahoo.com,2,3,Không có,1,2024-01-07 17:00:00,NULL
3002,326,Võ Hoàng Hạnh,378198716,vohoanghanh467@outlook.com,1,0,Không có,1,2024-10-01 17:00:00,NULL
3003,390,Bùi Hải Long,774637858,buihailong779@gmail.com,1,2,Không có,1,2024-02-14 17:00:00,NULL
3004,112,Hồ Thị Hạnh,758436408,hothihanh542@outlook.com,2,2,Không có,1,2024-11-13 17:00:00,NULL
3005,72,Hoàng Đức Nam,486205081,hoangducnam480@vku.udn.vn,2,0,Không có,1,2024-12-03 17:00:00,NULL
3006,147,Võ Hải Phong,789827881,vohaiphong186@outlook.com,2,0,Không có,1,2024-11-10 17:00:00,NULL
3007,98,Hồ Thu Mai,619687831,hothumai556@vku.udn.vn,1,0,Không có,1,2024-01-17 17:00:00,NULL
3008,346,Bùi Hữu Dũng,435528741,buihuudung485@gmail.com,3,3,Không có,1,2024-12-14 17:00:00,NULL
3009,313,Đỗ Đức Linh,652468587,doduclinh286@gmail.com,1,2,Không có,1,2024-09-22 17:00:00,NULL
3010,36,Bùi Minh Mai,823358636,buiminhmai219@outlook.com,3,1,Không có,1,2024-03-28 17:00:00,NULL
3011,103,Đặng Hữu Phong,321824097,danghuuphong886@yahoo.com,1,2,Không có,1,2024-05-28 17:00:00,NULL
3012,66,Lê Thanh Bình,647208402,lethanhbinh330@outlook.com,3,0,Không có,1,2024-09-14 17:00:00,NULL
3013,364,Hồ Thu Phong,498803134,hothuphong197@yahoo.com,3,0,Không có,1,2024-11-18 17:00:00,NULL
3014,104,Phạm Đức Lan,797460035,phamduclan238@outlook.com,2,3,Không có,1,2024-03-19 17:00:00,NULL
3015,38,Dương Thu Anh,391632118,duongthuanh979@outlook.com,3,2,Không có,1,2024-05-10 17:00:00,NULL
3016,142,Vũ Quốc Nga,354135782,vuquocnga673@yahoo.com,1,0,Không có,1,2024-03-01 17:00:00,NULL
3017,269,Ngô Minh Phong,988227492,ngominhphong349@gmail.com,3,1,Không có,1,2024-04-14 17:00:00,NULL
3018,296,Đỗ Minh Mai,639492674,dominhmai952@gmail.com,2,0,Không có,1,2024-12-01 17:00:00,NULL
3019,117,Nguyễn Văn Long,718832725,nguyenvanlong404@yahoo.com,1,3,Không có,1,2024-11-17 17:00:00,NULL
3020,31,Dương Hải Nam,948918058,duonghainam647@yahoo.com,2,0,Không có,1,2024-06-01 17:00:00,NULL
3021,255,Vũ Thị Lan,669319644,vuthilan619@hotmail.com,2,3,Không có,1,2024-02-14 17:00:00,NULL
3022,137,Trần Hữu Nam,865111129,tranhuunam623@gmail.com,2,0,Không có,1,2024-05-06 17:00:00,NULL
3023,294,Bùi Văn Trang,388029013,buivantrang430@vku.udn.vn,3,2,Không có,1,2024-02-12 17:00:00,NULL
3024,16,Phan Hữu Nga,866028682,phanhuunga875@outlook.com,3,1,Không có,1,2024-03-15 17:00:00,NULL
3025,287,Dương Văn Bình,553810544,duongvanbinh171@outlook.com,3,3,Không có,1,2024-09-22 17:00:00,NULL
3026,282,Bùi Hải Dũng,807850824,buihaidung827@outlook.com,3,1,Không có,1,2024-06-11 17:00:00,NULL
3027,325,Đỗ Minh Dũng,513814138,dominhdung151@gmail.com,2,0,Không có,1,2024-09-28 17:00:00,NULL
3028,398,Dương Hữu Mai,878296492,duonghuumai496@hotmail.com,2,0,Không có,1,2024-09-13 17:00:00,NULL
3029,62,Dương Hoàng Linh,381642180,duonghoanglinh168@vku.udn.vn,2,0,Không có,1,2024-05-08 17:00:00,NULL
3030,352,Nguyễn Quốc Hạnh,826350075,nguyenquochanh109@outlook.com,2,1,Không có,1,2024-01-08 17:00:00,NULL
3031,328,Lý Thị Phong,756497252,lythiphong225@yahoo.com,1,0,Không có,1,2024-06-01 17:00:00,NULL
3032,60,Lê Thanh Mai,811885732,lethanhmai257@outlook.com,2,0,Không có,1,2024-11-02 17:00:00,NULL
3033,124,Vũ Thị Phong,387384813,vuthiphong878@vku.udn.vn,3,2,Không có,1,2024-03-12 17:00:00,NULL
3034,355,Phan Đức Hạnh,393053577,phanduchanh286@outlook.com,2,0,Không có,1,2024-10-30 17:00:00,NULL
3035,282,Bùi Hải Dũng,807850824,buihaidung827@outlook.com,3,0,Không có,1,2024-06-12 17:00:00,NULL
3036,99,Bùi Hải Lan,881648347,buihailan956@vku.udn.vn,1,2,Không có,1,2024-06-20 17:00:00,NULL
3037,320,Hồ Minh Nga,436674237,hominhnga197@outlook.com,1,2,Không có,1,2024-04-21 17:00:00,NULL
3038,269,Ngô Minh Phong,988227492,ngominhphong349@gmail.com,1,2,Không có,1,2024-05-21 17:00:00,NULL
3039,16,Lê Thanh Hùng,316857392,lethanhhung396@yahoo.com,2,2,Không có,1,2024-12-18 17:00:00,NULL
3040,329,Võ Văn Nga,567574609,vovannga940@gmail.com,3,3,Không có,1,2024-05-21 17:00:00,NULL
3041,292,Lê Văn Nga,386019028,levannga872@yahoo.com,2,0,Không có,1,2024-06-26 17:00:00,NULL
3042,383,Nguyễn Thị Dũng,917615339,nguyenthidung602@gmail.com,2,3,Không có,1,2024-04-02 17:00:00,NULL
3043,396,Đặng Hữu Hạnh,374958005,danghuuhanh283@outlook.com,3,0,Không có,1,2024-08-29 17:00:00,NULL
3044,113,Đặng Quốc Linh,349314700,dangquoclinh345@outlook.com,2,1,Không có,1,2024-08-04 17:00:00,NULL
3045,69,Đặng Hải Cường,820153652,danghaicuong217@hotmail.com,3,0,Không có,1,2024-03-31 17:00:00,NULL
3046,79,Nguyễn Hải Nam,922613048,nguyenhainam973@hotmail.com,1,0,Không có,1,2024-05-26 17:00:00,NULL
3047,48,Nguyễn Văn Hạnh,660471406,nguyenvanhanh850@hotmail.com,3,0,Không có,1,2024-12-25 17:00:00,NULL
3048,395,Võ Đức Mai,891916368,voducmai149@outlook.com,3,0,Không có,1,2024-11-05 17:00:00,NULL
3049,362,Phan Quốc Nam,890975123,phanquocnam339@hotmail.com,1,0,Không có,1,2024-04-17 17:00:00,NULL
3050,123,Ngô Văn Nam,683289278,ngovannam36@hotmail.com,1,2,Không có,1,2024-05-12 17:00:00,NULL
3051,383,Nguyễn Thị Dũng,917615339,nguyenthidung602@gmail.com,1,3,Không có,1,2024-11-18 17:00:00,NULL
3052,327,Phạm Quốc Mai,729123992,phamquocmai250@yahoo.com,2,2,Không có,1,2024-04-16 17:00:00,NULL
3053,55,Nguyễn Thị Linh,580363703,nguyenthilinh259@hotmail.com,2,1,Không có,1,2024-07-12 17:00:00,NULL
3054,292,Lê Văn Nga,386019028,levannga872@yahoo.com,3,2,Không có,1,2024-06-26 17:00:00,NULL
3055,334,Lý Thu Bình,448578017,lythubinh155@yahoo.com,3,0,Không có,1,2024-09-11 17:00:00,NULL
3056,115,Dương Minh Mai,657522158,duongminhmai90@outlook.com,1,0,Không có,1,2024-01-18 17:00:00,NULL
3057,291,Nguyễn Thanh Anh,353839920,nguyenthanhanh599@outlook.com,1,0,Không có,1,2024-08-24 17:00:00,NULL
3058,87,Vũ Minh Hạnh,303652820,vuminhhanh782@hotmail.com,1,1,Không có,1,2024-01-01 17:00:00,NULL
3059,300,Nguyễn Thu Hùng,411225158,nguyenthuhung962@yahoo.com,2,0,Không có,1,2024-08-07 17:00:00,NULL
3060,287,Dương Văn Bình,553810544,duongvanbinh171@outlook.com,1,0,Không có,1,2024-05-18 17:00:00,NULL
3061,9,Đỗ Hoàng Dũng,413086740,dohoangdung501@vku.udn.vn,3,0,Không có,1,2024-03-17 17:00:00,NULL
3062,84,Hoàng Quốc Hương,843967320,hoangquochuong630@hotmail.com,3,0,Không có,1,2024-07-27 17:00:00,NULL
3063,102,Lý Thanh Dũng,771522759,lythanhdung415@outlook.com,3,2,Không có,1,2024-03-20 17:00:00,NULL
3064,10,Ngô Thị Nga,727363322,ngothinga17@gmail.com,2,0,Không có,1,2024-04-15 17:00:00,NULL
3065,379,Lý Minh Hạnh,452725050,lyminhhanh74@gmail.com,1,0,Không có,1,2024-03-01 17:00:00,NULL
3066,128,Vũ Hữu Dũng,679263134,vuhuudung733@outlook.com,1,0,Không có,1,2024-01-11 17:00:00,NULL
3067,385,Lý Minh Cường,928492896,lyminhcuong447@outlook.com,1,1,Không có,1,2024-08-05 17:00:00,NULL
3068,67,Vũ Hữu Nam,369036812,vuhuunam630@vku.udn.vn,1,2,Không có,1,2024-06-13 17:00:00,NULL
3069,347,Võ Minh Phong,696098177,vominhphong172@vku.udn.vn,3,0,Không có,1,2024-08-01 17:00:00,NULL
3070,303,Hoàng Văn Bình,981057736,hoangvanbinh434@hotmail.com,1,2,Không có,1,2024-05-27 17:00:00,NULL
3071,335,Hồ Đức Bình,745461013,hoducbinh418@hotmail.com,1,0,Không có,1,2024-04-08 17:00:00,NULL
3072,303,Hoàng Văn Bình,981057736,hoangvanbinh434@hotmail.com,2,2,Không có,1,2024-01-03 17:00:00,NULL
3073,270,Lê Hải Anh,582811832,lehaianh996@vku.udn.vn,1,0,Không có,1,2024-04-27 17:00:00,NULL
3074,109,Võ Thanh Hùng,843162978,vothanhhung241@gmail.com,3,1,Không có,1,2024-06-15 17:00:00,NULL
3075,140,Phạm Quốc Linh,560040874,phamquoclinh614@vku.udn.vn,2,0,Không có,1,2024-08-30 17:00:00,NULL
3076,381,Hồ Quốc Hùng,837377910,hoquochung553@outlook.com,3,0,Không có,1,2024-01-19 17:00:00,NULL
3077,147,Trần Minh Linh,963665147,tranminhlinh32@gmail.com,3,0,Không có,1,2024-12-09 17:00:00,NULL
3078,109,Vũ Minh Cường,728001898,vuminhcuong779@outlook.com,1,0,Không có,1,2024-03-25 17:00:00,NULL
3079,62,Trần Hải Bình,616864680,tranhaibinh617@vku.udn.vn,2,1,Không có,1,2024-10-07 17:00:00,NULL
3080,131,Dương Thanh Linh,549913754,duongthanhlinh790@outlook.com,3,0,Không có,1,2024-01-14 17:00:00,NULL
3081,125,Ngô Quốc Mai,726117051,ngoquocmai101@gmail.com,2,0,Không có,1,2024-05-01 17:00:00,NULL
3082,319,Hồ Minh Nga,632091877,hominhnga683@outlook.com,3,0,Không có,1,2024-04-07 17:00:00,NULL
3083,281,Đặng Đức Hùng,821209849,dangduchung220@vku.udn.vn,2,0,Không có,1,2024-09-25 17:00:00,NULL
3084,328,Lý Thị Phong,756497252,lythiphong225@yahoo.com,2,2,Không có,1,2024-12-30 17:00:00,NULL
3085,101,Phạm Văn Bình,785261332,phamvanbinh107@yahoo.com,1,2,Không có,1,2024-09-08 17:00:00,NULL
3086,319,Hồ Minh Nga,632091877,hominhnga683@outlook.com,3,0,Không có,1,2024-10-17 17:00:00,NULL
3087,327,Phạm Quốc Mai,729123992,phamquocmai250@yahoo.com,3,3,Không có,1,2024-03-02 17:00:00,NULL
3088,38,Phạm Văn Long,435609257,phamvanlong436@hotmail.com,3,0,Không có,1,2024-12-02 17:00:00,NULL
3089,136,Lý Quốc Linh,369395513,lyquoclinh327@yahoo.com,2,0,Không có,1,2024-02-19 17:00:00,NULL
3090,7,Đỗ Minh Long,979395586,dominhlong436@yahoo.com,1,3,Không có,1,2024-02-21 17:00:00,NULL
3091,295,Phan Minh Dũng,637352358,phanminhdung245@hotmail.com,3,0,Không có,1,2024-01-07 17:00:00,NULL
3092,347,Võ Minh Phong,696098177,vominhphong172@vku.udn.vn,2,0,Không có,1,2024-03-19 17:00:00,NULL
3093,306,Dương Thanh Trang,893269304,duongthanhtrang152@outlook.com,3,3,Không có,1,2024-11-24 17:00:00,NULL
3094,284,Nguyễn Quốc Nam,664323393,nguyenquocnam820@gmail.com,2,1,Không có,1,2024-10-18 17:00:00,NULL
3095,321,Đỗ Hữu Trang,911072118,dohuutrang309@outlook.com,3,2,Không có,1,2024-01-18 17:00:00,NULL
3096,16,Đỗ Thị Mai,656736908,dothimai960@vku.udn.vn,3,0,Không có,1,2024-09-13 17:00:00,NULL
3097,386,Phan Quốc Lan,644733679,phanquoclan687@gmail.com,1,3,Không có,1,2024-04-03 17:00:00,NULL
3098,322,Hoàng Minh Dũng,761588882,hoangminhdung805@vku.udn.vn,2,3,Không có,1,2024-12-23 17:00:00,NULL
3099,356,Bùi Hoàng Long,706936666,buihoanglong345@gmail.com,3,0,Không có,1,2024-04-28 17:00:00,NULL
3100,80,Võ Thị Trang,608688331,vothitrang726@vku.udn.vn,1,0,Không có,1,2024-10-30 17:00:00,NULL
3101,96,Đỗ Thị Cường,391340295,dothicuong597@yahoo.com,1,0,Không có,1,2024-08-19 17:00:00,NULL
3102,25,Phạm Hữu Hạnh,494733680,phamhuuhanh747@yahoo.com,1,0,Không có,1,2024-09-24 17:00:00,NULL
3103,388,Trần Thanh Hùng,647112584,tranthanhhung119@outlook.com,2,0,Không có,1,2024-01-30 17:00:00,NULL
3104,328,Lý Thị Phong,756497252,lythiphong225@yahoo.com,2,3,Không có,1,2024-03-03 17:00:00,NULL
3105,121,Lý Đức Nga,539800971,lyducnga127@gmail.com,1,1,Không có,1,2024-10-02 17:00:00,NULL
3106,263,Trần Đức Hương,909004943,tranduchuong898@hotmail.com,3,2,Không có,1,2024-01-07 17:00:00,NULL
3107,368,Đỗ Hải Bình,313169872,dohaibinh588@hotmail.com,3,0,Không có,1,2024-12-06 17:00:00,NULL
3108,253,Vũ Đức Mai,932719211,vuducmai285@gmail.com,1,3,Không có,1,2024-01-17 17:00:00,NULL
3109,308,Đỗ Thị Lan,901170349,dothilan906@outlook.com,3,0,Không có,1,2024-08-07 17:00:00,NULL
3110,108,Võ Hoàng Long,329508101,vohoanglong668@yahoo.com,2,0,Không có,1,2024-09-05 17:00:00,NULL
3111,378,Đỗ Đức Linh,423240112,doduclinh558@yahoo.com,1,0,Không có,1,2024-09-20 17:00:00,NULL
3112,267,Ngô Quốc Trang,368212356,ngoquoctrang395@outlook.com,1,0,Không có,1,2024-06-19 17:00:00,NULL
3113,84,Nguyễn Thu Bình,744971154,nguyenthubinh583@vku.udn.vn,3,3,Không có,1,2024-10-06 17:00:00,NULL
3114,97,Bùi Hữu Anh,993624994,buihuuanh120@outlook.com,2,0,Không có,1,2024-02-12 17:00:00,NULL
3115,43,Ngô Minh Linh,857430064,ngominhlinh368@hotmail.com,2,0,Không có,1,2024-07-16 17:00:00,NULL
3116,28,Bùi Hải Linh,617495629,buihailinh542@yahoo.com,3,2,Không có,1,2024-01-11 17:00:00,NULL
3117,282,Bùi Hải Dũng,807850824,buihaidung827@outlook.com,1,0,Không có,1,2024-05-23 17:00:00,NULL
3118,330,Ngô Hải Long,870298515,ngohailong573@vku.udn.vn,3,0,Không có,1,2024-09-27 17:00:00,NULL
3119,14,Đỗ Quốc Long,819898139,doquoclong282@outlook.com,3,3,Không có,1,2024-01-11 17:00:00,NULL
3120,129,Đặng Minh Hương,707726041,dangminhhuong300@hotmail.com,3,1,Không có,1,2024-03-23 17:00:00,NULL
3121,361,Hồ Đức Hùng,924440558,hoduchung378@outlook.com,1,1,Không có,1,2024-12-05 17:00:00,NULL
3122,83,Lý Văn Trang,712841950,lyvantrang677@hotmail.com,2,2,Không có,1,2024-05-15 17:00:00,NULL
3123,133,Võ Quốc Long,748890714,voquoclong654@outlook.com,2,2,Không có,1,2024-10-12 17:00:00,NULL
3124,282,Bùi Hải Dũng,807850824,buihaidung827@outlook.com,2,1,Không có,1,2024-03-02 17:00:00,NULL
3125,307,Hoàng Thanh Hương,342836793,hoangthanhhuong921@hotmail.com,2,2,Không có,1,2024-11-02 17:00:00,NULL
3126,110,Bùi Thị Anh,768227904,buithianh644@hotmail.com,3,0,Không có,1,2024-01-07 17:00:00,NULL
3127,315,Lê Hoàng Hùng,341078352,lehoanghung112@vku.udn.vn,1,0,Không có,1,2024-08-15 17:00:00,NULL
3128,333,Hoàng Hải Bình,606798268,hoanghaibinh241@hotmail.com,3,0,Không có,1,2024-01-09 17:00:00,NULL
3129,139,Phạm Thanh Nam,303461826,phamthanhnam279@yahoo.com,3,0,Không có,1,2024-06-20 17:00:00,NULL
3130,362,Phan Quốc Nam,890975123,phanquocnam339@hotmail.com,2,1,Không có,1,2024-03-20 17:00:00,NULL
3131,379,Lý Minh Hạnh,452725050,lyminhhanh74@gmail.com,1,3,Không có,1,2024-08-09 17:00:00,NULL
3132,372,Bùi Hoàng Phong,964021648,buihoangphong232@vku.udn.vn,2,0,Không có,1,2024-02-23 17:00:00,NULL
3133,322,Hoàng Minh Dũng,761588882,hoangminhdung805@vku.udn.vn,3,0,Không có,1,2024-06-23 17:00:00,NULL
3134,26,Phạm Hải Hùng,764066948,phamhaihung238@yahoo.com,3,3,Không có,1,2024-04-19 17:00:00,NULL
3135,63,Lê Thu Mai,582574120,lethumai614@gmail.com,2,0,Không có,1,2024-08-02 17:00:00,NULL
3136,281,Đặng Đức Hùng,821209849,dangduchung220@vku.udn.vn,3,1,Không có,1,2024-04-27 17:00:00,NULL
3137,399,Ngô Thu Linh,788922557,ngothulinh956@hotmail.com,1,2,Không có,1,2024-04-05 17:00:00,NULL
3138,30,Bùi Đức Hạnh,470063013,buiduchanh77@outlook.com,2,0,Không có,1,2024-08-30 17:00:00,NULL
3139,271,Lý Thị Hạnh,971410971,lythihanh306@vku.udn.vn,1,3,Không có,1,2024-08-14 17:00:00,NULL
3140,364,Hồ Thu Phong,498803134,hothuphong197@yahoo.com,2,1,Không có,1,2024-03-27 17:00:00,NULL
3141,299,Lê Hải Hạnh,883275843,lehaihanh721@hotmail.com,1,3,Không có,1,2024-12-25 17:00:00,NULL
3142,12,Bùi Minh Dũng,790045976,buiminhdung806@yahoo.com,1,0,Không có,1,2024-12-25 17:00:00,NULL
3143,265,Hoàng Hoàng Linh,926563708,hoanghoanglinh409@hotmail.com,3,0,Không có,1,2024-07-07 17:00:00,NULL
3144,26,Phạm Văn Cường,778142458,phamvancuong967@gmail.com,1,1,Không có,1,2024-02-16 17:00:00,NULL
3145,90,Trần Đức Nga,589828451,tranducnga391@hotmail.com,3,2,Không có,1,2024-03-21 17:00:00,NULL
3146,321,Đỗ Hữu Trang,911072118,dohuutrang309@outlook.com,2,0,Không có,1,2024-02-12 17:00:00,NULL
3147,264,Vũ Hải Cường,584412919,vuhaicuong143@yahoo.com,2,2,Không có,1,2024-11-07 17:00:00,NULL
3148,282,Bùi Hải Dũng,807850824,buihaidung827@outlook.com,2,0,Không có,1,2024-05-12 17:00:00,NULL
3149,57,Nguyễn Thanh Nga,909372436,nguyenthanhnga22@gmail.com,2,3,Không có,1,2024-02-24 17:00:00,NULL
3150,24,Hồ Minh Bình,599566575,hominhbinh924@hotmail.com,3,0,Không có,1,2024-10-06 17:00:00,NULL
3151,12,Đỗ Thu Long,740993325,dothulong426@yahoo.com,3,0,Không có,1,2024-01-22 17:00:00,NULL
3152,330,Ngô Hải Long,870298515,ngohailong573@vku.udn.vn,2,3,Không có,1,2024-10-14 17:00:00,NULL
3153,398,Dương Hữu Mai,878296492,duonghuumai496@hotmail.com,1,1,Không có,1,2024-07-18 17:00:00,NULL
3154,268,Đặng Minh Nga,312327652,dangminhnga697@gmail.com,1,0,Không có,1,2024-01-07 17:00:00,NULL
3155,345,Ngô Văn Phong,333318206,ngovanphong973@yahoo.com,2,0,Không có,1,2024-07-06 17:00:00,NULL
3156,63,Bùi Hải Nga,754004521,buihainga228@yahoo.com,2,0,Không có,1,2024-02-25 17:00:00,NULL
3157,30,Hồ Hải Long,934471317,hohailong900@outlook.com,3,2,Không có,1,2024-12-16 17:00:00,NULL
3158,379,Lý Minh Hạnh,452725050,lyminhhanh74@gmail.com,1,1,Không có,1,2024-06-23 17:00:00,NULL
3159,89,Lý Hoàng Bình,720289434,lyhoangbinh326@gmail.com,2,1,Không có,1,2024-08-21 17:00:00,NULL
3160,352,Nguyễn Quốc Hạnh,826350075,nguyenquochanh109@outlook.com,3,0,Không có,1,2024-06-15 17:00:00,NULL
3161,250,Đỗ Thị Anh,595310485,dothianh251@yahoo.com,1,0,Không có,1,2024-07-17 17:00:00,NULL
3162,293,Trần Đức Linh,428727266,tranduclinh965@vku.udn.vn,2,1,Không có,1,2024-11-07 17:00:00,NULL
3163,61,Võ Đức Hương,300255216,voduchuong556@vku.udn.vn,3,0,Không có,1,2024-02-29 17:00:00,NULL
3164,15,Nguyễn Thanh Nam,687329196,nguyenthanhnam144@vku.udn.vn,1,0,Không có,1,2024-01-01 17:00:00,NULL
3165,31,Nguyễn Thanh Bình,429239745,nguyenthanhbinh214@vku.udn.vn,3,3,Không có,1,2024-02-10 17:00:00,NULL
3166,14,Phạm Hữu Mai,456121243,phamhuumai417@vku.udn.vn,2,2,Không có,1,2024-05-19 17:00:00,NULL
3167,106,Phan Quốc Dũng,771306193,phanquocdung422@gmail.com,1,0,Không có,1,2024-03-31 17:00:00,NULL
3168,302,Phạm Thanh Dũng,981007818,phamthanhdung874@hotmail.com,3,0,Không có,1,2024-04-15 17:00:00,NULL
3169,318,Phan Quốc Bình,654549587,phanquocbinh639@hotmail.com,3,0,Không có,1,2024-10-04 17:00:00,NULL
3170,58,Lê Đức Dũng,856355468,leducdung833@yahoo.com,3,3,Không có,1,2024-04-25 17:00:00,NULL
3171,125,Nguyễn Minh Dũng,767632349,nguyenminhdung794@vku.udn.vn,2,1,Không có,1,2024-06-14 17:00:00,NULL
3172,17,Nguyễn Thị Trang,881976074,nguyenthitrang817@vku.udn.vn,1,0,Không có,1,2024-09-27 17:00:00,NULL
3173,340,Hồ Hữu Hạnh,801856351,hohuuhanh942@yahoo.com,3,3,Không có,1,2024-02-19 17:00:00,NULL
3174,338,Dương Quốc Nga,886405096,duongquocnga820@vku.udn.vn,3,3,Không có,1,2024-08-03 17:00:00,NULL
3175,371,Ngô Hoàng Hùng,391462297,ngohoanghung255@gmail.com,2,2,Không có,1,2024-03-23 17:00:00,NULL
3176,319,Hồ Minh Nga,632091877,hominhnga683@outlook.com,1,0,Không có,1,2024-03-20 17:00:00,NULL
3177,66,Hoàng Thu Mai,347809500,hoangthumai565@vku.udn.vn,2,2,Không có,1,2024-05-14 17:00:00,NULL
3178,301,Lý Thị Nam,894019365,lythinam160@hotmail.com,1,0,Không có,1,2024-08-03 17:00:00,NULL
3179,258,Ngô Minh Bình,549957310,ngominhbinh888@gmail.com,3,0,Không có,1,2024-10-10 17:00:00,NULL
3180,352,Nguyễn Quốc Hạnh,826350075,nguyenquochanh109@outlook.com,1,0,Không có,1,2024-11-18 17:00:00,NULL
3181,144,Đỗ Hoàng Mai,444807454,dohoangmai419@outlook.com,1,2,Không có,1,2024-09-10 17:00:00,NULL
3182,300,Nguyễn Thu Hùng,411225158,nguyenthuhung962@yahoo.com,2,0,Không có,1,2024-09-17 17:00:00,NULL
3183,31,Phan Minh Bình,475708025,phanminhbinh234@vku.udn.vn,2,3,Không có,1,2024-08-28 17:00:00,NULL
3184,122,Lê Thanh Long,754413540,lethanhlong903@hotmail.com,3,2,Không có,1,2024-11-10 17:00:00,NULL
3185,47,Phạm Hải Long,627927725,phamhailong949@gmail.com,3,0,Không có,1,2024-07-08 17:00:00,NULL
3186,21,Vũ Thanh Hạnh,646899287,vuthanhhanh682@vku.udn.vn,2,0,Không có,1,2024-10-16 17:00:00,NULL
3187,262,Dương Văn Dũng,334467368,duongvandung825@hotmail.com,3,0,Không có,1,2024-08-29 17:00:00,NULL
3188,83,Võ Đức Cường,726100367,voduccuong112@outlook.com,2,1,Không có,1,2024-06-22 17:00:00,NULL
3189,36,Nguyễn Quốc Hùng,792184215,nguyenquochung181@yahoo.com,2,0,Không có,1,2024-12-07 17:00:00,NULL
3190,285,Phạm Thu Mai,450519597,phamthumai433@yahoo.com,1,2,Không có,1,2024-12-09 17:00:00,NULL
3191,294,Bùi Văn Trang,388029013,buivantrang430@vku.udn.vn,2,3,Không có,1,2024-07-01 17:00:00,NULL
3192,86,Nguyễn Đức Long,947568799,nguyenduclong990@yahoo.com,2,1,Không có,1,2024-01-25 17:00:00,NULL
3193,253,Vũ Đức Mai,932719211,vuducmai285@gmail.com,2,1,Không có,1,2024-10-29 17:00:00,NULL
3194,143,Nguyễn Hoàng Trang,613076484,nguyenhoangtrang453@vku.udn.vn,2,0,Không có,1,2024-02-21 17:00:00,NULL
3195,70,Hoàng Thu Trang,667635611,hoangthutrang74@gmail.com,3,0,Không có,1,2024-09-15 17:00:00,NULL
3196,343,Võ Thanh Lan,707083673,vothanhlan285@outlook.com,3,0,Không có,1,2024-05-14 17:00:00,NULL
3197,117,Dương Đức Bình,934496807,duongducbinh963@yahoo.com,2,2,Không có,1,2024-01-28 17:00:00,NULL
3198,13,Vũ Minh Long,848537747,vuminhlong156@gmail.com,1,0,Không có,1,2024-09-23 17:00:00,NULL
3199,29,Lý Hữu Linh,499181540,lyhuulinh685@yahoo.com,2,1,Không có,1,2024-08-14 17:00:00,NULL
3200,274,Nguyễn Đức Hương,909194872,nguyenduchuong970@gmail.com,2,2,Không có,1,2024-11-05 17:00:00,NULL
3201,100,Đỗ Đức Nga,785733023,doducnga937@hotmail.com,3,2,Không có,1,2024-09-21 17:00:00,NULL
3202,283,Trần Quốc Lan,754814084,tranquoclan421@outlook.com,2,3,Không có,1,2024-03-24 17:00:00,NULL
3203,299,Lê Hải Hạnh,883275843,lehaihanh721@hotmail.com,1,0,Không có,1,2024-07-12 17:00:00,NULL
3204,340,Hồ Hữu Hạnh,801856351,hohuuhanh942@yahoo.com,1,0,Không có,1,2024-11-20 17:00:00,NULL
3205,4,Hồ Hải Hùng,501118659,hohaihung692@outlook.com,1,1,Không có,1,2024-11-01 17:00:00,NULL
3206,346,Bùi Hữu Dũng,435528741,buihuudung485@gmail.com,2,0,Không có,1,2024-06-26 17:00:00,NULL
3207,140,Đặng Minh Anh,451512374,dangminhanh990@vku.udn.vn,2,1,Không có,1,2024-06-09 17:00:00,NULL
3208,272,Lê Thanh Phong,473461957,lethanhphong553@vku.udn.vn,1,0,Không có,1,2024-10-03 17:00:00,NULL
3209,69,Ngô Quốc Nam,310257204,ngoquocnam471@outlook.com,1,3,Không có,1,2024-05-19 17:00:00,NULL
3210,257,Lý Thanh Trang,506468299,lythanhtrang722@gmail.com,2,3,Không có,1,2024-11-09 17:00:00,NULL
3211,98,Dương Hải Dũng,645720878,duonghaidung857@gmail.com,1,0,Không có,1,2024-08-01 17:00:00,NULL
3212,79,Bùi Văn Dũng,361932878,buivandung444@outlook.com,2,2,Không có,1,2024-09-01 17:00:00,NULL
3213,106,Bùi Quốc Hạnh,460604372,buiquochanh71@yahoo.com,3,2,Không có,1,2024-08-13 17:00:00,NULL
3214,334,Lý Thu Bình,448578017,lythubinh155@yahoo.com,3,1,Không có,1,2024-04-19 17:00:00,NULL
3215,98,Nguyễn Thị Phong,713008733,nguyenthiphong200@yahoo.com,2,0,Không có,1,2024-02-02 17:00:00,NULL
3216,47,Ngô Quốc Hùng,989944191,ngoquochung961@vku.udn.vn,1,3,Không có,1,2024-05-20 17:00:00,NULL
3217,125,Đỗ Thị Lan,738422925,dothilan929@vku.udn.vn,3,0,Không có,1,2024-01-28 17:00:00,NULL
3218,365,Hồ Hoàng Phong,863324548,hohoangphong612@hotmail.com,2,1,Không có,1,2024-10-23 17:00:00,NULL
3219,137,Đặng Hoàng Hương,968135778,danghoanghuong96@gmail.com,3,0,Không có,1,2024-06-16 17:00:00,NULL
3220,321,Đỗ Hữu Trang,911072118,dohuutrang309@outlook.com,1,1,Không có,1,2024-08-25 17:00:00,NULL
3221,343,Võ Thanh Lan,707083673,vothanhlan285@outlook.com,2,2,Không có,1,2024-09-21 17:00:00,NULL
3222,93,Võ Thanh Trang,767296533,vothanhtrang572@vku.udn.vn,1,0,Không có,1,2024-01-30 17:00:00,NULL
3223,111,Phạm Minh Hương,455609950,phamminhhuong638@yahoo.com,2,1,Không có,1,2024-02-11 17:00:00,NULL
3224,345,Ngô Văn Phong,333318206,ngovanphong973@yahoo.com,3,0,Không có,1,2024-12-12 17:00:00,NULL
3225,63,Phạm Hoàng Nga,695579210,phamhoangnga782@hotmail.com,1,0,Không có,1,2024-07-25 17:00:00,NULL
3226,10,Đỗ Đức Cường,569633028,doduccuong286@yahoo.com,3,0,Không có,1,2024-02-29 17:00:00,NULL
3227,87,Ngô Thanh Nam,627297706,ngothanhnam536@gmail.com,3,0,Không có,1,2024-04-23 17:00:00,NULL
3228,252,Phạm Đức Nga,946412689,phamducnga28@vku.udn.vn,3,3,Không có,1,2024-04-04 17:00:00,NULL
3229,297,Bùi Hoàng Bình,378663096,buihoangbinh551@yahoo.com,1,0,Không có,1,2024-06-28 17:00:00,NULL
3230,294,Bùi Văn Trang,388029013,buivantrang430@vku.udn.vn,1,0,Không có,1,2024-11-20 17:00:00,NULL
3231,297,Bùi Hoàng Bình,378663096,buihoangbinh551@yahoo.com,3,0,Không có,1,2024-09-05 17:00:00,NULL
3232,273,Phan Hải Anh,420117054,phanhaianh952@hotmail.com,2,1,Không có,1,2024-03-30 17:00:00,NULL
3233,273,Phan Hải Anh,420117054,phanhaianh952@hotmail.com,2,0,Không có,1,2024-03-19 17:00:00,NULL
3234,392,Đỗ Hoàng Phong,556943695,dohoangphong727@yahoo.com,3,2,Không có,1,2024-08-16 17:00:00,NULL
3235,137,Trần Quốc Cường,854369324,tranquoccuong998@vku.udn.vn,3,1,Không có,1,2024-12-01 17:00:00,NULL
3236,100,Đỗ Hoàng Linh,378724804,dohoanglinh629@hotmail.com,1,0,Không có,1,2024-11-28 17:00:00,NULL
3237,373,Lý Hải Hùng,931924051,lyhaihung440@hotmail.com,1,0,Không có,1,2024-01-15 17:00:00,NULL
3238,307,Hoàng Thanh Hương,342836793,hoangthanhhuong921@hotmail.com,2,0,Không có,1,2024-09-15 17:00:00,NULL
3239,352,Nguyễn Quốc Hạnh,826350075,nguyenquochanh109@outlook.com,3,2,Không có,1,2024-09-09 17:00:00,NULL
3240,41,Phan Quốc Nga,489597601,phanquocnga734@hotmail.com,1,2,Không có,1,2024-09-18 17:00:00,NULL
3241,65,Trần Hữu Linh,773267975,tranhuulinh366@vku.udn.vn,2,1,Không có,1,2024-05-21 17:00:00,NULL
3242,373,Lý Hải Hùng,931924051,lyhaihung440@hotmail.com,3,2,Không có,1,2024-03-30 17:00:00,NULL
3243,385,Lý Minh Cường,928492896,lyminhcuong447@outlook.com,2,0,Không có,1,2024-01-12 17:00:00,NULL
3244,69,Trần Văn Anh,793581566,tranvananh997@gmail.com,3,3,Không có,1,2024-10-09 17:00:00,NULL
3245,95,Phạm Hải Anh,907399848,phamhaianh181@gmail.com,3,2,Không có,1,2024-11-21 17:00:00,NULL
3246,49,Nguyễn Hải Mai,468276252,nguyenhaimai147@outlook.com,1,3,Không có,1,2024-07-16 17:00:00,NULL
3247,147,Nguyễn Thị Linh,752273951,nguyenthilinh728@yahoo.com,1,0,Không có,1,2024-04-13 17:00:00,NULL
3248,37,Ngô Thanh Bình,434835507,ngothanhbinh212@yahoo.com,1,2,Không có,1,2024-09-04 17:00:00,NULL
3249,305,Đặng Văn Bình,380792472,dangvanbinh968@yahoo.com,3,3,Không có,1,2024-05-29 17:00:00,NULL
3250,349,Đỗ Quốc Linh,512954978,doquoclinh78@vku.udn.vn,1,1,Không có,1,2024-10-27 17:00:00,NULL
3251,288,Phạm Quốc Hương,362959284,phamquochuong169@outlook.com,1,0,Không có,1,2024-07-02 17:00:00,NULL
3252,295,Phan Minh Dũng,637352358,phanminhdung245@hotmail.com,2,0,Không có,1,2024-01-08 17:00:00,NULL
3253,64,Đỗ Hữu Long,973552398,dohuulong149@vku.udn.vn,2,0,Không có,1,2024-11-19 17:00:00,NULL
3254,378,Đỗ Đức Linh,423240112,doduclinh558@yahoo.com,1,0,Không có,1,2024-01-05 17:00:00,NULL
3255,76,Phan Văn Nga,353408467,phanvannga985@gmail.com,1,3,Không có,1,2024-06-20 17:00:00,NULL
3256,74,Phan Văn Long,583592832,phanvanlong535@gmail.com,3,1,Không có,1,2024-01-19 17:00:00,NULL
3257,60,Đỗ Thị Dũng,783298450,dothidung261@gmail.com,2,0,Không có,1,2024-03-25 17:00:00,NULL
3258,98,Vũ Đức Mai,676878367,vuducmai629@gmail.com,3,0,Không có,1,2024-02-04 17:00:00,NULL
3259,55,Ngô Văn Phong,605900106,ngovanphong861@outlook.com,2,0,Không có,1,2024-11-28 17:00:00,NULL
3260,340,Hồ Hữu Hạnh,801856351,hohuuhanh942@yahoo.com,3,0,Không có,1,2024-06-17 17:00:00,NULL
3261,342,Lê Hải Cường,353992714,lehaicuong267@outlook.com,2,0,Không có,1,2024-03-01 17:00:00,NULL
3262,391,Đặng Hữu Hương,609268943,danghuuhuong449@outlook.com,1,0,Không có,1,2024-06-26 17:00:00,NULL
3263,353,Hồ Hữu Linh,489125618,hohuulinh752@vku.udn.vn,2,1,Không có,1,2024-04-25 17:00:00,NULL
3264,75,Bùi Thanh Mai,674037656,buithanhmai301@hotmail.com,3,0,Không có,1,2024-06-16 17:00:00,NULL
3265,62,Vũ Hải Linh,943669301,vuhailinh623@hotmail.com,2,2,Không có,1,2024-08-28 17:00:00,NULL
3266,86,Võ Văn Dũng,384660775,vovandung693@vku.udn.vn,3,3,Không có,1,2024-03-24 17:00:00,NULL
3267,58,Bùi Thu Mai,392180288,buithumai394@vku.udn.vn,3,3,Không có,1,2024-04-06 17:00:00,NULL
3268,47,Võ Minh Nam,796601814,vominhnam678@yahoo.com,1,2,Không có,1,2024-12-13 17:00:00,NULL
3269,26,Ngô Quốc Nam,744587465,ngoquocnam576@yahoo.com,1,0,Không có,1,2024-04-07 17:00:00,NULL
3270,298,Lê Thanh Hương,373864104,lethanhhuong901@yahoo.com,2,0,Không có,1,2024-10-01 17:00:00,NULL
3271,102,Phạm Hải Long,314811412,phamhailong744@gmail.com,3,3,Không có,1,2024-09-18 17:00:00,NULL
3272,362,Phan Quốc Nam,890975123,phanquocnam339@hotmail.com,3,3,Không có,1,2024-09-21 17:00:00,NULL
3273,97,Lý Thu Mai,516484615,lythumai223@outlook.com,1,0,Không có,1,2024-02-02 17:00:00,NULL
3274,6,Hoàng Hoàng Cường,512158977,hoanghoangcuong743@outlook.com,3,3,Không có,1,2024-10-16 17:00:00,NULL
3275,387,Vũ Hải Hùng,729982328,vuhaihung834@vku.udn.vn,2,0,Không có,1,2024-11-27 17:00:00,NULL
3276,399,Ngô Thu Linh,788922557,ngothulinh956@hotmail.com,1,3,Không có,1,2024-03-29 17:00:00,NULL
3277,10,Bùi Thị Linh,380033850,buithilinh493@vku.udn.vn,1,2,Không có,1,2024-09-27 17:00:00,NULL
3278,116,Vũ Hoàng Lan,640055920,vuhoanglan256@vku.udn.vn,1,1,Không có,1,2024-10-10 17:00:00,NULL
3279,364,Hồ Thu Phong,498803134,hothuphong197@yahoo.com,2,2,Không có,1,2024-08-08 17:00:00,NULL
3280,18,Đặng Văn Hùng,412950474,dangvanhung302@outlook.com,1,0,Không có,1,2024-01-19 17:00:00,NULL
3281,106,Đặng Thu Linh,815017335,dangthulinh720@gmail.com,1,0,Không có,1,2024-06-05 17:00:00,NULL
3282,338,Dương Quốc Nga,886405096,duongquocnga820@vku.udn.vn,3,2,Không có,1,2024-11-07 17:00:00,NULL
3283,345,Ngô Văn Phong,333318206,ngovanphong973@yahoo.com,2,3,Không có,1,2024-11-24 17:00:00,NULL
3284,293,Trần Đức Linh,428727266,tranduclinh965@vku.udn.vn,2,2,Không có,1,2024-04-22 17:00:00,NULL
3285,380,Bùi Hoàng Hương,609893263,buihoanghuong450@gmail.com,2,3,Không có,1,2024-05-16 17:00:00,NULL
3286,34,Phạm Hải Nam,473783417,phamhainam421@yahoo.com,3,0,Không có,1,2024-11-11 17:00:00,NULL
3287,4,Bùi Thu Anh,642334826,buithuanh525@outlook.com,2,0,Không có,1,2024-04-18 17:00:00,NULL
3288,55,Bùi Minh Anh,694215700,buiminhanh171@outlook.com,3,0,Không có,1,2024-11-14 17:00:00,NULL
3289,79,Dương Thanh Lan,861965248,duongthanhlan491@yahoo.com,3,3,Không có,1,2024-12-07 17:00:00,NULL
3290,148,Phạm Thị Mai,322384127,phamthimai388@outlook.com,3,0,Không có,1,2024-08-07 17:00:00,NULL
3291,253,Vũ Đức Mai,932719211,vuducmai285@gmail.com,2,0,Không có,1,2024-06-16 17:00:00,NULL
3292,371,Ngô Hoàng Hùng,391462297,ngohoanghung255@gmail.com,2,0,Không có,1,2024-10-27 17:00:00,NULL
3293,302,Phạm Thanh Dũng,981007818,phamthanhdung874@hotmail.com,3,3,Không có,1,2024-11-08 17:00:00,NULL
3294,252,Phạm Đức Nga,946412689,phamducnga28@vku.udn.vn,2,2,Không có,1,2024-02-12 17:00:00,NULL
3295,70,Hồ Thị Long,417208770,hothilong698@hotmail.com,1,0,Không có,1,2024-08-01 17:00:00,NULL
3296,299,Lê Hải Hạnh,883275843,lehaihanh721@hotmail.com,1,0,Không có,1,2024-10-27 17:00:00,NULL
3297,145,Đỗ Quốc Linh,886157019,doquoclinh499@hotmail.com,3,1,Không có,1,2024-10-27 17:00:00,NULL
3298,303,Hoàng Văn Bình,981057736,hoangvanbinh434@hotmail.com,3,0,Không có,1,2024-10-15 17:00:00,NULL
3299,149,Lê Thanh Hùng,461664235,lethanhhung280@hotmail.com,2,2,Không có,1,2024-05-12 17:00:00,NULL
3300,313,Đỗ Đức Linh,652468587,doduclinh286@gmail.com,2,0,Không có,1,2024-11-27 17:00:00,NULL
3301,128,Phan Quốc Nga,954242969,phanquocnga973@vku.udn.vn,3,0,Không có,1,2024-08-16 17:00:00,NULL
3302,12,Nguyễn Thị Dũng,531383394,nguyenthidung590@vku.udn.vn,3,3,Không có,1,2024-09-01 17:00:00,NULL
3303,258,Ngô Minh Bình,549957310,ngominhbinh888@gmail.com,3,2,Không có,1,2024-09-02 17:00:00,NULL
3304,313,Đỗ Đức Linh,652468587,doduclinh286@gmail.com,1,0,Không có,1,2024-10-13 17:00:00,NULL
3305,18,Trần Hữu Bình,708333937,tranhuubinh669@outlook.com,1,0,Không có,1,2024-05-16 17:00:00,NULL
3306,19,Dương Văn Lan,645042300,duongvanlan253@outlook.com,1,0,Không có,1,2024-05-09 17:00:00,NULL
3307,89,Lý Thanh Long,851934730,lythanhlong468@hotmail.com,3,0,Không có,1,2024-03-08 17:00:00,NULL
3308,367,Lê Minh Anh,358546865,leminhanh567@hotmail.com,2,1,Không có,1,2024-08-16 17:00:00,NULL
3309,262,Dương Văn Dũng,334467368,duongvandung825@hotmail.com,3,3,Không có,1,2024-06-12 17:00:00,NULL
3310,92,Đỗ Hải Hương,985520362,dohaihuong252@yahoo.com,2,0,Không có,1,2024-02-02 17:00:00,NULL
3311,34,Trần Hoàng Hạnh,963199066,tranhoanghanh772@vku.udn.vn,1,3,Không có,1,2024-08-19 17:00:00,NULL
3312,110,Võ Thu Bình,844154837,vothubinh856@yahoo.com,2,3,Không có,1,2024-04-01 17:00:00,NULL
3313,335,Hồ Đức Bình,745461013,hoducbinh418@hotmail.com,2,3,Không có,1,2024-01-22 17:00:00,NULL
3314,73,Bùi Văn Long,416661613,buivanlong643@outlook.com,1,2,Không có,1,2024-05-16 17:00:00,NULL
3315,281,Đặng Đức Hùng,821209849,dangduchung220@vku.udn.vn,2,1,Không có,1,2024-06-16 17:00:00,NULL
3316,261,Võ Quốc Hùng,987194506,voquochung705@vku.udn.vn,1,2,Không có,1,2024-03-05 17:00:00,NULL
3317,110,Bùi Văn Hạnh,591592617,buivanhanh39@yahoo.com,3,3,Không có,1,2024-08-28 17:00:00,NULL
3318,84,Lý Thu Hùng,698860263,lythuhung622@outlook.com,2,0,Không có,1,2024-12-13 17:00:00,NULL
3319,329,Võ Văn Nga,567574609,vovannga940@gmail.com,1,2,Không có,1,2024-10-30 17:00:00,NULL
3320,330,Ngô Hải Long,870298515,ngohailong573@vku.udn.vn,3,0,Không có,1,2024-12-12 17:00:00,NULL
3321,309,Lý Đức Hạnh,474484941,lyduchanh820@yahoo.com,1,0,Không có,1,2024-08-01 17:00:00,NULL
3322,332,Hoàng Đức Hạnh,984683755,hoangduchanh284@vku.udn.vn,1,1,Không có,1,2024-09-22 17:00:00,NULL
3323,277,Lý Thu Phong,515984311,lythuphong731@hotmail.com,3,0,Không có,1,2024-08-23 17:00:00,NULL
3324,140,Trần Hữu Anh,726880887,tranhuuanh776@yahoo.com,2,0,Không có,1,2024-10-19 17:00:00,NULL
3325,36,Phạm Thị Long,312279598,phamthilong923@yahoo.com,3,0,Không có,1,2024-06-22 17:00:00,NULL
3326,41,Dương Hải Hùng,705391297,duonghaihung72@outlook.com,3,3,Không có,1,2024-02-15 17:00:00,NULL
3327,140,Phạm Hữu Hạnh,570726377,phamhuuhanh308@outlook.com,2,1,Không có,1,2024-03-15 17:00:00,NULL
3328,62,Đặng Hoàng Cường,431263624,danghoangcuong75@hotmail.com,3,0,Không có,1,2024-08-07 17:00:00,NULL
3329,56,Đặng Thanh Mai,783034369,dangthanhmai775@hotmail.com,3,0,Không có,1,2024-07-18 17:00:00,NULL
3330,45,Đặng Văn Hùng,507872692,dangvanhung324@yahoo.com,2,0,Không có,1,2024-09-26 17:00:00,NULL
3331,331,Bùi Thu Linh,888273030,buithulinh457@yahoo.com,1,0,Không có,1,2024-12-29 17:00:00,NULL
3332,106,Dương Văn Nga,577277670,duongvannga786@gmail.com,3,3,Không có,1,2024-02-14 17:00:00,NULL
3333,9,Hồ Đức Anh,798673000,hoducanh408@hotmail.com,2,0,Không có,1,2024-02-23 17:00:00,NULL
3334,392,Đỗ Hoàng Phong,556943695,dohoangphong727@yahoo.com,2,1,Không có,1,2024-08-06 17:00:00,NULL
3335,106,Đỗ Quốc Hùng,408286716,doquochung430@hotmail.com,2,1,Không có,1,2024-08-18 17:00:00,NULL
3336,394,Đỗ Hữu Mai,613383963,dohuumai522@hotmail.com,3,2,Không có,1,2024-04-04 17:00:00,NULL
3337,354,Bùi Thu Phong,819151495,buithuphong477@outlook.com,3,1,Không có,1,2024-07-16 17:00:00,NULL
3338,18,Đỗ Thị Trang,977713862,dothitrang625@outlook.com,3,0,Không có,1,2024-12-29 17:00:00,NULL
3339,41,Vũ Hữu Hương,318584926,vuhuuhuong775@vku.udn.vn,2,0,Không có,1,2024-12-16 17:00:00,NULL
3340,383,Nguyễn Thị Dũng,917615339,nguyenthidung602@gmail.com,1,3,Không có,1,2024-07-21 17:00:00,NULL
3341,107,Võ Hữu Hùng,401034750,vohuuhung924@hotmail.com,3,1,Không có,1,2024-09-26 17:00:00,NULL
3342,373,Lý Hải Hùng,931924051,lyhaihung440@hotmail.com,2,3,Không có,1,2024-01-12 17:00:00,NULL
3343,347,Võ Minh Phong,696098177,vominhphong172@vku.udn.vn,2,0,Không có,1,2024-06-20 17:00:00,NULL
3344,139,Hoàng Quốc Hạnh,854097982,hoangquochanh626@outlook.com,2,0,Không có,1,2024-05-12 17:00:00,NULL
3345,136,Đỗ Thanh Nam,820438526,dothanhnam540@gmail.com,2,1,Không có,1,2024-11-15 17:00:00,NULL
3346,63,Lê Hữu Hương,436148045,lehuuhuong263@hotmail.com,2,2,Không có,1,2024-09-09 17:00:00,NULL
3347,377,Hoàng Minh Nam,787512424,hoangminhnam73@yahoo.com,3,0,Không có,1,2024-07-04 17:00:00,NULL
3348,252,Phạm Đức Nga,946412689,phamducnga28@vku.udn.vn,2,0,Không có,1,2024-10-21 17:00:00,NULL
3349,389,Đỗ Thu Mai,743721204,dothumai56@yahoo.com,3,0,Không có,1,2024-08-21 17:00:00,NULL
3350,359,Trần Đức Nam,736398872,tranducnam501@vku.udn.vn,3,0,Không có,1,2024-12-13 17:00:00,NULL
3351,309,Lý Đức Hạnh,474484941,lyduchanh820@yahoo.com,2,0,Không có,1,2024-10-10 17:00:00,NULL
3352,266,Đặng Hải Bình,350590821,danghaibinh882@gmail.com,1,0,Không có,1,2024-03-26 17:00:00,NULL
3353,6,Hồ Hải Long,354885505,hohailong165@yahoo.com,1,0,Không có,1,2024-04-08 17:00:00,NULL
3354,303,Hoàng Văn Bình,981057736,hoangvanbinh434@hotmail.com,3,0,Không có,1,2024-12-21 17:00:00,NULL
3355,273,Phan Hải Anh,420117054,phanhaianh952@hotmail.com,3,0,Không có,1,2024-12-25 17:00:00,NULL
3356,288,Phạm Quốc Hương,362959284,phamquochuong169@outlook.com,3,0,Không có,1,2024-03-16 17:00:00,NULL
3357,44,Trần Minh Nam,361309592,tranminhnam600@vku.udn.vn,3,2,Không có,1,2024-07-05 17:00:00,NULL
3358,98,Đặng Hoàng Bình,851176467,danghoangbinh485@yahoo.com,2,0,Không có,1,2024-06-16 17:00:00,NULL
3359,134,Đỗ Hữu Anh,898554797,dohuuanh849@gmail.com,3,3,Không có,1,2024-04-03 17:00:00,NULL
3360,318,Phan Quốc Bình,654549587,phanquocbinh639@hotmail.com,1,0,Không có,1,2024-11-02 17:00:00,NULL
3361,22,Hoàng Minh Phong,967323493,hoangminhphong436@gmail.com,2,1,Không có,1,2024-10-18 17:00:00,NULL
3362,127,Nguyễn Quốc Dũng,630062372,nguyenquocdung274@outlook.com,3,3,Không có,1,2024-03-07 17:00:00,NULL
3363,44,Ngô Hoàng Mai,790364433,ngohoangmai897@hotmail.com,1,0,Không có,1,2024-01-23 17:00:00,NULL
3364,324,Hoàng Thu Long,979615069,hoangthulong635@hotmail.com,1,0,Không có,1,2024-07-11 17:00:00,NULL
3365,347,Võ Minh Phong,696098177,vominhphong172@vku.udn.vn,1,0,Không có,1,2024-09-17 17:00:00,NULL
3366,138,Hoàng Minh Mai,426986294,hoangminhmai7@hotmail.com,3,3,Không có,1,2024-08-14 17:00:00,NULL
3367,262,Dương Văn Dũng,334467368,duongvandung825@hotmail.com,3,0,Không có,1,2024-04-17 17:00:00,NULL
3368,370,Vũ Hải Bình,919571745,vuhaibinh645@gmail.com,2,2,Không có,1,2024-09-29 17:00:00,NULL
3369,146,Hồ Thị Bình,415904590,hothibinh533@gmail.com,3,3,Không có,1,2024-05-05 17:00:00,NULL
3370,382,Bùi Văn Hương,763887247,buivanhuong753@hotmail.com,2,2,Không có,1,2024-02-19 17:00:00,NULL
3371,361,Hồ Đức Hùng,924440558,hoduchung378@outlook.com,3,0,Không có,1,2024-12-23 17:00:00,NULL
3372,86,Lê Quốc Anh,826232376,lequocanh380@hotmail.com,2,0,Không có,1,2024-11-22 17:00:00,NULL
3373,74,Bùi Thị Long,853890078,buithilong175@outlook.com,1,0,Không có,1,2024-10-01 17:00:00,NULL
3374,281,Đặng Đức Hùng,821209849,dangduchung220@vku.udn.vn,1,3,Không có,1,2024-05-12 17:00:00,NULL
3375,266,Đặng Hải Bình,350590821,danghaibinh882@gmail.com,1,0,Không có,1,2024-03-31 17:00:00,NULL
3376,41,Đỗ Quốc Anh,523402679,doquocanh186@outlook.com,1,3,Không có,1,2024-07-16 17:00:00,NULL
3377,22,Dương Thị Mai,709446463,duongthimai134@yahoo.com,3,0,Không có,1,2024-07-02 17:00:00,NULL
3378,343,Võ Thanh Lan,707083673,vothanhlan285@outlook.com,1,0,Không có,1,2024-07-02 17:00:00,NULL
3379,11,Võ Văn Phong,903881888,vovanphong384@outlook.com,3,0,Không có,1,2024-08-29 17:00:00,NULL
3380,286,Phạm Thị Mai,890907304,phamthimai101@gmail.com,2,2,Không có,1,2024-09-25 17:00:00,NULL
3381,399,Ngô Thu Linh,788922557,ngothulinh956@hotmail.com,1,1,Không có,1,2024-07-02 17:00:00,NULL
3382,336,Vũ Văn Dũng,751125671,vuvandung399@vku.udn.vn,2,2,Không có,1,2024-06-09 17:00:00,NULL
3383,357,Lê Hải Dũng,680990401,lehaidung817@hotmail.com,3,0,Không có,1,2024-01-21 17:00:00,NULL
3384,396,Đặng Hữu Hạnh,374958005,danghuuhanh283@outlook.com,3,0,Không có,1,2024-02-20 17:00:00,NULL
3385,78,Nguyễn Hữu Long,619917672,nguyenhuulong295@hotmail.com,1,0,Không có,1,2024-03-13 17:00:00,NULL
3386,70,Đỗ Đức Lan,824316170,doduclan63@vku.udn.vn,3,0,Không có,1,2024-08-16 17:00:00,NULL
3387,122,Lý Thu Hùng,703566660,lythuhung418@outlook.com,2,0,Không có,1,2024-07-12 17:00:00,NULL
3388,399,Ngô Thu Linh,788922557,ngothulinh956@hotmail.com,3,0,Không có,1,2024-05-19 17:00:00,NULL
3389,303,Hoàng Văn Bình,981057736,hoangvanbinh434@hotmail.com,2,3,Không có,1,2024-03-05 17:00:00,NULL
3390,86,Dương Hải Dũng,622900869,duonghaidung557@yahoo.com,1,2,Không có,1,2024-08-06 17:00:00,NULL
3391,374,Nguyễn Hoàng Nam,406551233,nguyenhoangnam971@yahoo.com,3,0,Không có,1,2024-09-12 17:00:00,NULL
3392,41,Võ Văn Nga,536777329,vovannga682@vku.udn.vn,3,3,Không có,1,2024-04-03 17:00:00,NULL
3393,338,Dương Quốc Nga,886405096,duongquocnga820@vku.udn.vn,3,2,Không có,1,2024-06-23 17:00:00,NULL
3394,289,Hoàng Hải Hùng,754200826,hoanghaihung714@vku.udn.vn,3,0,Không có,1,2024-01-16 17:00:00,NULL
3395,10,Đỗ Hải Hùng,480590086,dohaihung478@hotmail.com,3,2,Không có,1,2024-10-11 17:00:00,NULL
3396,24,Phan Hữu Long,981976398,phanhuulong700@hotmail.com,3,3,Không có,1,2024-12-05 17:00:00,NULL
3397,284,Nguyễn Quốc Nam,664323393,nguyenquocnam820@gmail.com,1,3,Không có,1,2024-03-13 17:00:00,NULL
3398,104,Dương Văn Nam,813737806,duongvannam682@yahoo.com,1,0,Không có,1,2024-03-11 17:00:00,NULL
3399,376,Nguyễn Quốc Mai,937599912,nguyenquocmai482@hotmail.com,2,0,Không có,1,2024-05-02 17:00:00,NULL
3400,384,Bùi Văn Phong,488109614,buivanphong482@vku.udn.vn,2,3,Không có,1,2024-11-28 17:00:00,NULL
3401,122,Lê Minh Hạnh,862330809,leminhhanh994@hotmail.com,1,0,Không có,1,2024-09-24 17:00:00,NULL
3402,13,Hồ Minh Hương,333035776,hominhhuong584@yahoo.com,2,2,Không có,1,2024-01-27 17:00:00,NULL
3403,40,Ngô Văn Dũng,860701307,ngovandung91@hotmail.com,3,1,Không có,1,2024-12-15 17:00:00,NULL
3404,384,Bùi Văn Phong,488109614,buivanphong482@vku.udn.vn,2,0,Không có,1,2024-01-07 17:00:00,NULL
3405,29,Lê Hải Hạnh,523130099,lehaihanh99@hotmail.com,2,2,Không có,1,2024-02-27 17:00:00,NULL
3406,101,Hồ Hải Cường,673407661,hohaicuong970@hotmail.com,1,0,Không có,1,2024-02-22 17:00:00,NULL
3407,21,Đặng Minh Lan,622810949,dangminhlan834@yahoo.com,1,2,Không có,1,2024-04-04 17:00:00,NULL
3408,123,Ngô Văn Anh,956224849,ngovananh831@vku.udn.vn,3,2,Không có,1,2024-10-24 17:00:00,NULL
3409,259,Võ Thanh Cường,697478786,vothanhcuong364@yahoo.com,3,0,Không có,1,2024-11-13 17:00:00,NULL
3410,136,Trần Thị Anh,483674565,tranthianh343@gmail.com,3,3,Không có,1,2024-11-15 17:00:00,NULL
3411,99,Đặng Thị Anh,848339078,dangthianh506@gmail.com,3,0,Không có,1,2024-11-11 17:00:00,NULL
3412,100,Dương Quốc Long,388417610,duongquoclong168@gmail.com,2,0,Không có,1,2024-10-13 17:00:00,NULL
3413,32,Bùi Văn Nam,812751310,buivannam582@yahoo.com,2,1,Không có,1,2024-02-13 17:00:00,NULL
3414,13,Phạm Văn Linh,500595156,phamvanlinh641@vku.udn.vn,2,0,Không có,1,2024-06-21 17:00:00,NULL
3415,262,Dương Văn Dũng,334467368,duongvandung825@hotmail.com,2,0,Không có,1,2024-03-04 17:00:00,NULL
3416,63,Dương Thị Mai,905044426,duongthimai454@hotmail.com,3,0,Không có,1,2024-07-29 17:00:00,NULL
3417,273,Phan Hải Anh,420117054,phanhaianh952@hotmail.com,2,1,Không có,1,2024-04-05 17:00:00,NULL
3418,389,Đỗ Thu Mai,743721204,dothumai56@yahoo.com,2,1,Không có,1,2024-04-18 17:00:00,NULL
3419,72,Võ Thu Bình,424206458,vothubinh877@gmail.com,1,0,Không có,1,2024-01-29 17:00:00,NULL
3420,7,Lý Quốc Hùng,943411329,lyquochung320@hotmail.com,1,0,Không có,1,2024-02-27 17:00:00,NULL
3421,307,Hoàng Thanh Hương,342836793,hoangthanhhuong921@hotmail.com,2,0,Không có,1,2024-08-25 17:00:00,NULL
3422,298,Lê Thanh Hương,373864104,lethanhhuong901@yahoo.com,3,0,Không có,1,2024-07-29 17:00:00,NULL
3423,100,Ngô Minh Hùng,541155709,ngominhhung262@yahoo.com,3,3,Không có,1,2024-04-28 17:00:00,NULL
3424,21,Ngô Đức Bình,573726151,ngoducbinh542@yahoo.com,1,3,Không có,1,2024-06-21 17:00:00,NULL
3425,307,Hoàng Thanh Hương,342836793,hoangthanhhuong921@hotmail.com,3,1,Không có,1,2024-02-26 17:00:00,NULL
3426,114,Hồ Đức Hương,728854295,hoduchuong589@vku.udn.vn,1,2,Không có,1,2024-11-16 17:00:00,NULL
3427,302,Phạm Thanh Dũng,981007818,phamthanhdung874@hotmail.com,2,0,Không có,1,2024-05-29 17:00:00,NULL
3428,96,Lý Hoàng Phong,345577570,lyhoangphong107@vku.udn.vn,2,3,Không có,1,2024-06-24 17:00:00,NULL
3429,320,Hồ Minh Nga,436674237,hominhnga197@outlook.com,2,0,Không có,1,2024-09-19 17:00:00,NULL
3430,94,Đặng Thu Bình,630246325,dangthubinh312@outlook.com,1,0,Không có,1,2024-05-18 17:00:00,NULL
3431,33,Hồ Thanh Mai,364047733,hothanhmai815@outlook.com,3,0,Không có,1,2024-06-18 17:00:00,NULL
3432,303,Hoàng Văn Bình,981057736,hoangvanbinh434@hotmail.com,1,0,Không có,1,2024-02-03 17:00:00,NULL
3433,382,Bùi Văn Hương,763887247,buivanhuong753@hotmail.com,1,1,Không có,1,2024-12-21 17:00:00,NULL
3434,296,Đỗ Minh Mai,639492674,dominhmai952@gmail.com,3,3,Không có,1,2024-10-27 17:00:00,NULL
3435,67,Phạm Minh Mai,603997801,phamminhmai781@gmail.com,2,0,Không có,1,2024-08-31 17:00:00,NULL
3436,323,Võ Hải Mai,529460134,vohaimai524@outlook.com,2,3,Không có,1,2024-09-01 17:00:00,NULL
3437,135,Vũ Minh Long,494565176,vuminhlong962@yahoo.com,3,0,Không có,1,2024-11-04 17:00:00,NULL
3438,137,Trần Thu Nam,713487456,tranthunam671@outlook.com,3,2,Không có,1,2024-05-12 17:00:00,NULL
3439,368,Đỗ Hải Bình,313169872,dohaibinh588@hotmail.com,3,0,Không có,1,2024-05-17 17:00:00,NULL
3440,141,Hồ Quốc Nga,974134795,hoquocnga538@outlook.com,3,3,Không có,1,2024-11-10 17:00:00,NULL
3441,26,Lê Minh Mai,411239223,leminhmai825@outlook.com,1,0,Không có,1,2024-04-11 17:00:00,NULL
3442,331,Bùi Thu Linh,888273030,buithulinh457@yahoo.com,1,0,Không có,1,2024-09-30 17:00:00,NULL
3443,345,Ngô Văn Phong,333318206,ngovanphong973@yahoo.com,3,3,Không có,1,2024-04-10 17:00:00,NULL
3444,315,Lê Hoàng Hùng,341078352,lehoanghung112@vku.udn.vn,2,0,Không có,1,2024-12-10 17:00:00,NULL
3445,41,Đỗ Thu Linh,789460445,dothulinh451@gmail.com,1,1,Không có,1,2024-08-24 17:00:00,NULL
3446,329,Võ Văn Nga,567574609,vovannga940@gmail.com,1,0,Không có,1,2024-08-22 17:00:00,NULL
3447,360,Đỗ Hải Mai,318514813,dohaimai96@hotmail.com,1,0,Không có,1,2024-04-23 17:00:00,NULL
3448,347,Võ Minh Phong,696098177,vominhphong172@vku.udn.vn,2,0,Không có,1,2024-04-01 17:00:00,NULL
3449,3,Phạm Thị Phong,619691540,phamthiphong869@outlook.com,2,0,Không có,1,2024-08-28 17:00:00,NULL
3450,386,Phan Quốc Lan,644733679,phanquoclan687@gmail.com,1,3,Không có,1,2024-06-26 17:00:00,NULL
3451,92,Bùi Hoàng Long,912936055,buihoanglong620@hotmail.com,2,1,Không có,1,2024-06-20 17:00:00,NULL
3452,292,Lê Văn Nga,386019028,levannga872@yahoo.com,1,1,Không có,1,2024-02-03 17:00:00,NULL
3453,364,Hồ Thu Phong,498803134,hothuphong197@yahoo.com,3,0,Không có,1,2024-09-12 17:00:00,NULL
3454,362,Phan Quốc Nam,890975123,phanquocnam339@hotmail.com,3,0,Không có,1,2024-03-07 17:00:00,NULL
3455,296,Đỗ Minh Mai,639492674,dominhmai952@gmail.com,2,1,Không có,1,2024-03-15 17:00:00,NULL
3456,380,Bùi Hoàng Hương,609893263,buihoanghuong450@gmail.com,3,0,Không có,1,2024-03-08 17:00:00,NULL
3457,23,Vũ Thu Phong,850677028,vuthuphong63@outlook.com,1,0,Không có,1,2024-11-13 17:00:00,NULL
3458,369,Võ Thanh Cường,355165334,vothanhcuong259@outlook.com,1,0,Không có,1,2024-02-29 17:00:00,NULL
3459,355,Phan Đức Hạnh,393053577,phanduchanh286@outlook.com,3,0,Không có,1,2024-02-24 17:00:00,NULL
3460,345,Ngô Văn Phong,333318206,ngovanphong973@yahoo.com,2,3,Không có,1,2024-11-03 17:00:00,NULL
3461,394,Đỗ Hữu Mai,613383963,dohuumai522@hotmail.com,1,1,Không có,1,2024-10-03 17:00:00,NULL
3462,9,Đỗ Đức Long,829248747,doduclong274@vku.udn.vn,1,0,Không có,1,2024-07-31 17:00:00,NULL
3463,17,Bùi Hải Anh,596648327,buihaianh272@outlook.com,3,3,Không có,1,2024-08-08 17:00:00,NULL
3464,147,Phạm Thu Long,379020534,phamthulong795@vku.udn.vn,3,1,Không có,1,2024-02-20 17:00:00,NULL
3465,16,Hồ Đức Trang,933416472,hoductrang267@yahoo.com,1,0,Không có,1,2024-12-11 17:00:00,NULL
3466,366,Hoàng Đức Lan,492673892,hoangduclan310@gmail.com,1,0,Không có,1,2024-10-02 17:00:00,NULL
3467,385,Lý Minh Cường,928492896,lyminhcuong447@outlook.com,1,0,Không có,1,2024-04-14 17:00:00,NULL
3468,281,Đặng Đức Hùng,821209849,dangduchung220@vku.udn.vn,1,1,Không có,1,2024-01-29 17:00:00,NULL
3469,4,Lý Thị Anh,605396552,lythianh896@vku.udn.vn,3,0,Không có,1,2024-12-01 17:00:00,NULL
3470,323,Võ Hải Mai,529460134,vohaimai524@outlook.com,3,0,Không có,1,2024-12-04 17:00:00,NULL
3471,65,Đặng Đức Cường,943076440,dangduccuong257@gmail.com,2,3,Không có,1,2024-09-10 17:00:00,NULL
3472,313,Đỗ Đức Linh,652468587,doduclinh286@gmail.com,1,0,Không có,1,2024-07-29 17:00:00,NULL
3473,302,Phạm Thanh Dũng,981007818,phamthanhdung874@hotmail.com,2,0,Không có,1,2024-10-06 17:00:00,NULL
3474,395,Võ Đức Mai,891916368,voducmai149@outlook.com,3,0,Không có,1,2024-11-09 17:00:00,NULL
3475,331,Bùi Thu Linh,888273030,buithulinh457@yahoo.com,1,0,Không có,1,2024-12-23 17:00:00,NULL
3476,338,Dương Quốc Nga,886405096,duongquocnga820@vku.udn.vn,1,2,Không có,1,2024-06-21 17:00:00,NULL
3477,68,Nguyễn Hữu Trang,485044774,nguyenhuutrang78@outlook.com,2,0,Không có,1,2024-09-24 17:00:00,NULL
3478,127,Trần Minh Lan,447302402,tranminhlan982@outlook.com,3,0,Không có,1,2024-11-15 17:00:00,NULL
3479,62,Đặng Văn Hạnh,962677448,dangvanhanh381@hotmail.com,1,3,Không có,1,2024-06-05 17:00:00,NULL
3480,326,Võ Hoàng Hạnh,378198716,vohoanghanh467@outlook.com,2,0,Không có,1,2024-06-26 17:00:00,NULL
3481,309,Lý Đức Hạnh,474484941,lyduchanh820@yahoo.com,2,0,Không có,1,2024-08-13 17:00:00,NULL
3482,350,Trần Minh Hạnh,944687060,tranminhhanh825@gmail.com,3,0,Không có,1,2024-10-17 17:00:00,NULL
3483,258,Ngô Minh Bình,549957310,ngominhbinh888@gmail.com,3,0,Không có,1,2024-02-07 17:00:00,NULL
3484,314,Đỗ Thu Linh,875757257,dothulinh340@gmail.com,2,1,Không có,1,2024-02-26 17:00:00,NULL
3485,382,Bùi Văn Hương,763887247,buivanhuong753@hotmail.com,2,0,Không có,1,2024-04-09 17:00:00,NULL
3486,16,Đặng Minh Long,352701535,dangminhlong315@hotmail.com,1,0,Không có,1,2024-11-25 17:00:00,NULL
3487,136,Vũ Quốc Anh,878460106,vuquocanh294@hotmail.com,2,3,Không có,1,2024-05-20 17:00:00,NULL
3488,353,Hồ Hữu Linh,489125618,hohuulinh752@vku.udn.vn,3,0,Không có,1,2024-08-15 17:00:00,NULL
3489,270,Lê Hải Anh,582811832,lehaianh996@vku.udn.vn,3,0,Không có,1,2024-05-20 17:00:00,NULL
3490,294,Bùi Văn Trang,388029013,buivantrang430@vku.udn.vn,1,1,Không có,1,2024-02-05 17:00:00,NULL
3491,92,Phan Hữu Lan,834795916,phanhuulan872@gmail.com,2,0,Không có,1,2024-07-13 17:00:00,NULL
3492,72,Võ Hữu Linh,366250918,vohuulinh349@yahoo.com,3,0,Không có,1,2024-02-06 17:00:00,NULL
3493,121,Vũ Hoàng Dũng,363575146,vuhoangdung809@yahoo.com,2,3,Không có,1,2024-01-28 17:00:00,NULL
3494,280,Hồ Văn Dũng,372370545,hovandung928@gmail.com,3,0,Không có,1,2024-12-09 17:00:00,NULL
3495,131,Vũ Văn Hùng,454385488,vuvanhung60@outlook.com,1,0,Không có,1,2024-01-17 17:00:00,NULL
3496,52,Nguyễn Thanh Nga,551637541,nguyenthanhnga441@hotmail.com,1,0,Không có,1,2024-03-03 17:00:00,NULL
3497,149,Lý Thu Trang,822523836,lythutrang198@outlook.com,2,0,Không có,1,2024-03-26 17:00:00,NULL
3498,112,Đỗ Hoàng Cường,868686662,dohoangcuong968@yahoo.com,1,0,Không có,1,2024-02-22 17:00:00,NULL
3499,87,Hoàng Minh Nga,728554190,hoangminhnga698@vku.udn.vn,3,0,Không có,1,2024-05-17 17:00:00,NULL
3500,269,Ngô Minh Phong,988227492,ngominhphong349@gmail.com,3,1,Không có,1,2024-04-09 17:00:00,NULL
3501,297,Bùi Hoàng Bình,378663096,buihoangbinh551@yahoo.com,2,0,Không có,1,2024-12-03 17:00:00,NULL
3502,272,Lê Thanh Phong,473461957,lethanhphong553@vku.udn.vn,3,0,Không có,1,2024-03-26 17:00:00,NULL
3503,306,Dương Thanh Trang,893269304,duongthanhtrang152@outlook.com,3,0,Không có,1,2024-02-12 17:00:00,NULL
3504,39,Vũ Hoàng Hùng,456587699,vuhoanghung967@yahoo.com,1,2,Không có,1,2024-04-01 17:00:00,NULL
3505,347,Võ Minh Phong,696098177,vominhphong172@vku.udn.vn,3,2,Không có,1,2024-07-09 17:00:00,NULL
3506,389,Đỗ Thu Mai,743721204,dothumai56@yahoo.com,3,2,Không có,1,2024-04-08 17:00:00,NULL
3507,274,Nguyễn Đức Hương,909194872,nguyenduchuong970@gmail.com,3,0,Không có,1,2024-04-04 17:00:00,NULL
3508,47,Bùi Hữu Long,840417974,buihuulong148@outlook.com,3,0,Không có,1,2024-08-28 17:00:00,NULL
3509,270,Lê Hải Anh,582811832,lehaianh996@vku.udn.vn,3,2,Không có,1,2024-03-04 17:00:00,NULL
3510,364,Hồ Thu Phong,498803134,hothuphong197@yahoo.com,1,3,Không có,1,2024-03-29 17:00:00,NULL
3511,316,Hồ Thanh Linh,950911797,hothanhlinh524@gmail.com,2,3,Không có,1,2024-11-02 17:00:00,NULL
3512,353,Hồ Hữu Linh,489125618,hohuulinh752@vku.udn.vn,1,0,Không có,1,2024-04-03 17:00:00,NULL
3513,132,Ngô Minh Hạnh,414074136,ngominhhanh608@hotmail.com,1,0,Không có,1,2024-06-21 17:00:00,NULL
3514,259,Võ Thanh Cường,697478786,vothanhcuong364@yahoo.com,3,3,Không có,1,2024-04-17 17:00:00,NULL
3515,329,Võ Văn Nga,567574609,vovannga940@gmail.com,2,0,Không có,1,2024-04-10 17:00:00,NULL
3516,333,Hoàng Hải Bình,606798268,hoanghaibinh241@hotmail.com,1,0,Không có,1,2024-03-19 17:00:00,NULL
3517,142,Ngô Hoàng Hạnh,851059303,ngohoanghanh492@yahoo.com,1,3,Không có,1,2024-02-19 17:00:00,NULL
3518,398,Dương Hữu Mai,878296492,duonghuumai496@hotmail.com,3,0,Không có,1,2024-04-13 17:00:00,NULL
3519,345,Ngô Văn Phong,333318206,ngovanphong973@yahoo.com,1,0,Không có,1,2024-02-13 17:00:00,NULL
3520,111,Nguyễn Quốc Hương,911616074,nguyenquochuong553@yahoo.com,3,2,Không có,1,2024-06-02 17:00:00,NULL
3521,63,Trần Minh Lan,663689252,tranminhlan255@outlook.com,1,0,Không có,1,2024-08-05 17:00:00,NULL
3522,300,Nguyễn Thu Hùng,411225158,nguyenthuhung962@yahoo.com,2,3,Không có,1,2024-01-05 17:00:00,NULL
3523,135,Dương Hoàng Hùng,716472161,duonghoanghung877@gmail.com,3,1,Không có,1,2024-05-01 17:00:00,NULL
3524,75,Lý Hải Nga,636641307,lyhainga948@outlook.com,3,3,Không có,1,2024-11-08 17:00:00,NULL
3525,135,Phan Thanh Phong,719931591,phanthanhphong2@hotmail.com,1,1,Không có,1,2024-11-21 17:00:00,NULL
3526,122,Phan Minh Lan,932386680,phanminhlan451@outlook.com,3,0,Không có,1,2024-04-25 17:00:00,NULL
3527,253,Vũ Đức Mai,932719211,vuducmai285@gmail.com,2,3,Không có,1,2024-12-02 17:00:00,NULL
3528,370,Vũ Hải Bình,919571745,vuhaibinh645@gmail.com,1,0,Không có,1,2024-03-16 17:00:00,NULL
3529,341,Nguyễn Quốc Trang,906011277,nguyenquoctrang679@gmail.com,2,3,Không có,1,2024-12-25 17:00:00,NULL
3530,357,Lê Hải Dũng,680990401,lehaidung817@hotmail.com,2,0,Không có,1,2024-07-07 17:00:00,NULL
3531,140,Ngô Văn Trang,461564895,ngovantrang588@outlook.com,3,0,Không có,1,2024-09-13 17:00:00,NULL
3532,115,Võ Quốc Cường,890821959,voquoccuong319@yahoo.com,2,1,Không có,1,2024-03-21 17:00:00,NULL
3533,297,Bùi Hoàng Bình,378663096,buihoangbinh551@yahoo.com,2,3,Không có,1,2024-10-18 17:00:00,NULL
3534,146,Lê Văn Trang,394533067,levantrang147@hotmail.com,3,0,Không có,1,2024-05-18 17:00:00,NULL
3535,395,Võ Đức Mai,891916368,voducmai149@outlook.com,2,2,Không có,1,2024-06-12 17:00:00,NULL
3536,72,Trần Hoàng Hương,612411668,tranhoanghuong44@yahoo.com,3,0,Không có,1,2024-05-04 17:00:00,NULL
3537,30,Đỗ Minh Long,924547661,dominhlong879@hotmail.com,1,0,Không có,1,2024-04-15 17:00:00,NULL
3538,122,Lê Thị Phong,765825031,lethiphong393@gmail.com,3,0,Không có,1,2024-10-06 17:00:00,NULL
3539,16,Ngô Hữu Phong,782895414,ngohuuphong861@hotmail.com,3,0,Không có,1,2024-10-03 17:00:00,NULL
3540,35,Bùi Hoàng Nam,628742046,buihoangnam402@yahoo.com,1,3,Không có,1,2024-05-28 17:00:00,NULL
3541,8,Lý Quốc Trang,665062675,lyquoctrang248@vku.udn.vn,1,2,Không có,1,2024-11-13 17:00:00,NULL
3542,48,Ngô Minh Nga,491131487,ngominhnga686@gmail.com,3,0,Không có,1,2024-04-21 17:00:00,NULL
3543,272,Lê Thanh Phong,473461957,lethanhphong553@vku.udn.vn,3,0,Không có,1,2024-12-13 17:00:00,NULL
3544,71,Nguyễn Đức Cường,413631047,nguyenduccuong7@hotmail.com,3,0,Không có,1,2024-03-08 17:00:00,NULL
3545,270,Lê Hải Anh,582811832,lehaianh996@vku.udn.vn,3,3,Không có,1,2024-04-18 17:00:00,NULL
3546,92,Đặng Hữu Long,727203169,danghuulong638@hotmail.com,2,1,Không có,1,2024-02-19 17:00:00,NULL
3547,84,Võ Thanh Hương,759125302,vothanhhuong214@outlook.com,1,1,Không có,1,2024-11-01 17:00:00,NULL
3548,387,Vũ Hải Hùng,729982328,vuhaihung834@vku.udn.vn,2,2,Không có,1,2024-09-16 17:00:00,NULL
3549,5,Dương Thanh Bình,929102774,duongthanhbinh102@hotmail.com,3,0,Không có,1,2024-01-26 17:00:00,NULL
3550,358,Lý Hoàng Nam,596641124,lyhoangnam570@gmail.com,3,3,Không có,1,2024-12-17 17:00:00,NULL
3551,19,Đỗ Hoàng Cường,487669962,dohoangcuong185@hotmail.com,1,0,Không có,1,2024-08-24 17:00:00,NULL
3552,117,Vũ Đức Lan,615298230,vuduclan980@gmail.com,3,1,Không có,1,2024-05-14 17:00:00,NULL
3553,389,Đỗ Thu Mai,743721204,dothumai56@yahoo.com,2,2,Không có,1,2024-11-18 17:00:00,NULL
3554,267,Ngô Quốc Trang,368212356,ngoquoctrang395@outlook.com,1,0,Không có,1,2024-02-02 17:00:00,NULL
3555,392,Đỗ Hoàng Phong,556943695,dohoangphong727@yahoo.com,3,0,Không có,1,2024-06-09 17:00:00,NULL
3556,290,Lê Đức Hùng,533754555,leduchung992@gmail.com,1,0,Không có,1,2024-07-01 17:00:00,NULL
3557,363,Hoàng Minh Hùng,547538338,hoangminhhung124@yahoo.com,2,0,Không có,1,2024-06-12 17:00:00,NULL
3558,341,Nguyễn Quốc Trang,906011277,nguyenquoctrang679@gmail.com,1,0,Không có,1,2024-12-14 17:00:00,NULL
3559,289,Hoàng Hải Hùng,754200826,hoanghaihung714@vku.udn.vn,3,0,Không có,1,2024-07-12 17:00:00,NULL
3560,351,Phan Thu Linh,697897455,phanthulinh71@vku.udn.vn,2,1,Không có,1,2024-10-24 17:00:00,NULL
3561,17,Dương Thị Long,969918366,duongthilong141@gmail.com,2,0,Không có,1,2024-08-04 17:00:00,NULL
3562,299,Lê Hải Hạnh,883275843,lehaihanh721@hotmail.com,1,1,Không có,1,2024-11-02 17:00:00,NULL
3563,373,Lý Hải Hùng,931924051,lyhaihung440@hotmail.com,2,2,Không có,1,2024-11-17 17:00:00,NULL
3564,269,Ngô Minh Phong,988227492,ngominhphong349@gmail.com,3,1,Không có,1,2024-05-15 17:00:00,NULL
3565,316,Hồ Thanh Linh,950911797,hothanhlinh524@gmail.com,3,0,Không có,1,2024-09-18 17:00:00,NULL
3566,362,Phan Quốc Nam,890975123,phanquocnam339@hotmail.com,3,2,Không có,1,2024-12-02 17:00:00,NULL
3567,283,Trần Quốc Lan,754814084,tranquoclan421@outlook.com,3,3,Không có,1,2024-03-12 17:00:00,NULL
3568,52,Phạm Minh Anh,666568324,phamminhanh230@gmail.com,3,3,Không có,1,2024-11-15 17:00:00,NULL
3569,345,Ngô Văn Phong,333318206,ngovanphong973@yahoo.com,2,2,Không có,1,2024-04-23 17:00:00,NULL
3570,86,Vũ Hữu Bình,784991435,vuhuubinh95@outlook.com,1,3,Không có,1,2024-03-19 17:00:00,NULL
3571,112,Phạm Minh Hùng,704775198,phamminhhung947@vku.udn.vn,3,3,Không có,1,2024-12-21 17:00:00,NULL
3572,399,Ngô Thu Linh,788922557,ngothulinh956@hotmail.com,1,0,Không có,1,2024-09-25 17:00:00,NULL
3573,67,Dương Minh Hùng,751663621,duongminhhung265@hotmail.com,3,0,Không có,1,2024-10-26 17:00:00,NULL
3574,364,Hồ Thu Phong,498803134,hothuphong197@yahoo.com,2,0,Không có,1,2024-07-12 17:00:00,NULL
3575,253,Vũ Đức Mai,932719211,vuducmai285@gmail.com,2,2,Không có,1,2024-04-23 17:00:00,NULL
3576,288,Phạm Quốc Hương,362959284,phamquochuong169@outlook.com,3,3,Không có,1,2024-02-28 17:00:00,NULL
3577,110,Nguyễn Hải Hùng,943385124,nguyenhaihung936@gmail.com,2,0,Không có,1,2024-08-30 17:00:00,NULL
3578,113,Phạm Đức Lan,300690446,phamduclan164@gmail.com,3,0,Không có,1,2024-04-29 17:00:00,NULL
3579,285,Phạm Thu Mai,450519597,phamthumai433@yahoo.com,3,0,Không có,1,2024-03-21 17:00:00,NULL
3580,373,Lý Hải Hùng,931924051,lyhaihung440@hotmail.com,1,3,Không có,1,2024-10-13 17:00:00,NULL
3581,261,Võ Quốc Hùng,987194506,voquochung705@vku.udn.vn,1,2,Không có,1,2024-12-29 17:00:00,NULL
3582,113,Phạm Thị Linh,443642411,phamthilinh198@yahoo.com,2,3,Không có,1,2024-04-09 17:00:00,NULL
3583,119,Trần Hữu Bình,692779399,tranhuubinh933@yahoo.com,2,2,Không có,1,2024-06-04 17:00:00,NULL
3584,324,Hoàng Thu Long,979615069,hoangthulong635@hotmail.com,2,3,Không có,1,2024-02-26 17:00:00,NULL
3585,379,Lý Minh Hạnh,452725050,lyminhhanh74@gmail.com,1,0,Không có,1,2024-09-08 17:00:00,NULL
3586,376,Nguyễn Quốc Mai,937599912,nguyenquocmai482@hotmail.com,1,3,Không có,1,2024-05-30 17:00:00,NULL
3587,116,Phạm Quốc Hạnh,674535129,phamquochanh421@vku.udn.vn,2,0,Không có,1,2024-08-28 17:00:00,NULL
3588,124,Trần Quốc Dũng,489362428,tranquocdung882@gmail.com,1,0,Không có,1,2024-12-19 17:00:00,NULL
3589,71,Nguyễn Hữu Linh,773156449,nguyenhuulinh157@yahoo.com,1,0,Không có,1,2024-10-31 17:00:00,NULL
3590,116,Phan Minh Cường,773486007,phanminhcuong854@yahoo.com,1,0,Không có,1,2024-06-29 17:00:00,NULL
3591,299,Lê Hải Hạnh,883275843,lehaihanh721@hotmail.com,2,0,Không có,1,2024-07-17 17:00:00,NULL
3592,274,Nguyễn Đức Hương,909194872,nguyenduchuong970@gmail.com,1,0,Không có,1,2024-12-19 17:00:00,NULL
3593,306,Dương Thanh Trang,893269304,duongthanhtrang152@outlook.com,2,0,Không có,1,2024-04-22 17:00:00,NULL
3594,146,Hồ Thu Linh,328722821,hothulinh858@vku.udn.vn,3,2,Không có,1,2024-06-25 17:00:00,NULL
3595,32,Phan Văn Phong,861026403,phanvanphong710@outlook.com,3,1,Không có,1,2024-08-31 17:00:00,NULL
3596,349,Đỗ Quốc Linh,512954978,doquoclinh78@vku.udn.vn,3,3,Không có,1,2024-09-17 17:00:00,NULL
3597,136,Trần Hoàng Trang,798388714,tranhoangtrang608@yahoo.com,2,0,Không có,1,2024-12-12 17:00:00,NULL
3598,100,Bùi Đức Linh,977754468,buiduclinh79@yahoo.com,1,0,Không có,1,2024-08-18 17:00:00,NULL
3599,143,Đặng Văn Linh,465027323,dangvanlinh582@yahoo.com,3,3,Không có,1,2024-02-05 17:00:00,NULL
3600,371,Ngô Hoàng Hùng,391462297,ngohoanghung255@gmail.com,1,2,Không có,1,2024-08-20 17:00:00,NULL
3601,338,Dương Quốc Nga,886405096,duongquocnga820@vku.udn.vn,1,3,Không có,1,2024-10-28 17:00:00,NULL
3602,314,Đỗ Thu Linh,875757257,dothulinh340@gmail.com,3,3,Không có,1,2024-11-21 17:00:00,NULL
3603,381,Hồ Quốc Hùng,837377910,hoquochung553@outlook.com,1,0,Không có,1,2024-05-03 17:00:00,NULL
3604,6,Trần Văn Bình,886322441,tranvanbinh945@gmail.com,1,3,Không có,1,2024-12-24 17:00:00,NULL
3605,60,Hoàng Hoàng Hùng,756926428,hoanghoanghung82@gmail.com,1,0,Không có,1,2024-11-10 17:00:00,NULL
3606,271,Lý Thị Hạnh,971410971,lythihanh306@vku.udn.vn,1,0,Không có,1,2024-08-08 17:00:00,NULL
3607,45,Bùi Thanh Anh,616108829,buithanhanh902@yahoo.com,1,0,Không có,1,2024-05-13 17:00:00,NULL
3608,66,Phạm Thị Phong,782767757,phamthiphong537@outlook.com,2,3,Không có,1,2024-02-15 17:00:00,NULL
3609,368,Đỗ Hải Bình,313169872,dohaibinh588@hotmail.com,1,0,Không có,1,2024-04-08 17:00:00,NULL
3610,92,Ngô Hải Bình,939257037,ngohaibinh425@hotmail.com,2,0,Không có,1,2024-11-28 17:00:00,NULL
3611,342,Lê Hải Cường,353992714,lehaicuong267@outlook.com,1,1,Không có,1,2024-12-17 17:00:00,NULL
3612,113,Vũ Minh Lan,995398177,vuminhlan644@hotmail.com,1,0,Không có,1,2024-06-12 17:00:00,NULL
3613,18,Lý Đức Nga,530939153,lyducnga567@yahoo.com,1,0,Không có,1,2024-06-01 17:00:00,NULL
3614,70,Ngô Đức Hạnh,887528851,ngoduchanh717@vku.udn.vn,1,0,Không có,1,2024-09-03 17:00:00,NULL
3615,336,Vũ Văn Dũng,751125671,vuvandung399@vku.udn.vn,1,0,Không có,1,2024-02-14 17:00:00,NULL
3616,382,Bùi Văn Hương,763887247,buivanhuong753@hotmail.com,1,0,Không có,1,2024-01-19 17:00:00,NULL
3617,73,Phạm Văn Anh,824116835,phamvananh143@outlook.com,1,0,Không có,1,2024-11-30 17:00:00,NULL
3618,306,Dương Thanh Trang,893269304,duongthanhtrang152@outlook.com,1,0,Không có,1,2024-11-16 17:00:00,NULL
3619,118,Hoàng Thị Hùng,763721199,hoangthihung871@yahoo.com,3,0,Không có,1,2024-08-21 17:00:00,NULL
3620,71,Dương Thị Linh,444272354,duongthilinh510@hotmail.com,3,2,Không có,1,2024-07-13 17:00:00,NULL
3621,263,Trần Đức Hương,909004943,tranduchuong898@hotmail.com,2,0,Không có,1,2024-12-01 17:00:00,NULL
3622,363,Hoàng Minh Hùng,547538338,hoangminhhung124@yahoo.com,2,3,Không có,1,2024-11-05 17:00:00,NULL
3623,254,Phan Minh Cường,531191390,phanminhcuong981@hotmail.com,1,1,Không có,1,2024-01-04 17:00:00,NULL
3624,328,Lý Thị Phong,756497252,lythiphong225@yahoo.com,3,0,Không có,1,2024-08-07 17:00:00,NULL
3625,7,Dương Thanh Linh,787940961,duongthanhlinh710@yahoo.com,2,3,Không có,1,2024-11-30 17:00:00,NULL
3626,114,Trần Thị Bình,430912473,tranthibinh456@hotmail.com,2,0,Không có,1,2024-09-27 17:00:00,NULL
3627,66,Võ Thị Mai,548013148,vothimai955@gmail.com,2,3,Không có,1,2024-10-22 17:00:00,NULL
3628,365,Hồ Hoàng Phong,863324548,hohoangphong612@hotmail.com,1,2,Không có,1,2024-10-01 17:00:00,NULL
3629,318,Phan Quốc Bình,654549587,phanquocbinh639@hotmail.com,1,1,Không có,1,2024-03-18 17:00:00,NULL
3630,295,Phan Minh Dũng,637352358,phanminhdung245@hotmail.com,1,1,Không có,1,2024-07-20 17:00:00,NULL
3631,17,Ngô Quốc Dũng,696560572,ngoquocdung174@yahoo.com,3,0,Không có,1,2024-09-21 17:00:00,NULL
3632,307,Hoàng Thanh Hương,342836793,hoangthanhhuong921@hotmail.com,2,3,Không có,1,2024-05-02 17:00:00,NULL
3633,104,Trần Minh Hương,407671693,tranminhhuong431@hotmail.com,3,0,Không có,1,2024-06-20 17:00:00,NULL
3634,103,Nguyễn Hữu Hạnh,324941136,nguyenhuuhanh929@hotmail.com,2,3,Không có,1,2024-12-17 17:00:00,NULL
3635,321,Đỗ Hữu Trang,911072118,dohuutrang309@outlook.com,1,1,Không có,1,2024-01-09 17:00:00,NULL
3636,357,Lê Hải Dũng,680990401,lehaidung817@hotmail.com,3,1,Không có,1,2024-04-01 17:00:00,NULL
3637,301,Lý Thị Nam,894019365,lythinam160@hotmail.com,3,0,Không có,1,2024-01-03 17:00:00,NULL
3638,44,Trần Quốc Lan,863427438,tranquoclan3@gmail.com,1,1,Không có,1,2024-10-12 17:00:00,NULL
3639,7,Lê Minh Trang,658405757,leminhtrang802@gmail.com,1,3,Không có,1,2024-12-29 17:00:00,NULL
3640,352,Nguyễn Quốc Hạnh,826350075,nguyenquochanh109@outlook.com,1,0,Không có,1,2024-02-11 17:00:00,NULL
3641,321,Đỗ Hữu Trang,911072118,dohuutrang309@outlook.com,2,1,Không có,1,2024-09-07 17:00:00,NULL
3642,275,Dương Thị Phong,871988889,duongthiphong785@yahoo.com,3,3,Không có,1,2024-08-20 17:00:00,NULL
3643,102,Phạm Minh Linh,634110769,phamminhlinh13@outlook.com,3,1,Không có,1,2024-05-26 17:00:00,NULL
3644,132,Lý Thanh Nga,805810874,lythanhnga557@outlook.com,2,0,Không có,1,2024-04-20 17:00:00,NULL
3645,282,Bùi Hải Dũng,807850824,buihaidung827@outlook.com,3,1,Không có,1,2024-06-06 17:00:00,NULL
3646,47,Dương Hữu Trang,778389936,duonghuutrang748@vku.udn.vn,2,1,Không có,1,2024-05-13 17:00:00,NULL
3647,290,Lê Đức Hùng,533754555,leduchung992@gmail.com,2,1,Không có,1,2024-09-11 17:00:00,NULL
3648,262,Dương Văn Dũng,334467368,duongvandung825@hotmail.com,1,3,Không có,1,2024-04-12 17:00:00,NULL
3649,31,Hồ Thị Hương,512705378,hothihuong904@outlook.com,3,3,Không có,1,2024-01-18 17:00:00,NULL
3650,30,Đặng Thu Mai,801440606,dangthumai734@vku.udn.vn,3,2,Không có,1,2024-05-23 17:00:00,NULL
3651,285,Phạm Thu Mai,450519597,phamthumai433@yahoo.com,1,3,Không có,1,2024-02-19 17:00:00,NULL
3652,93,Vũ Quốc Nga,881966503,vuquocnga878@outlook.com,3,2,Không có,1,2024-01-10 17:00:00,NULL
3653,77,Hoàng Thị Bình,342237581,hoangthibinh280@yahoo.com,3,1,Không có,1,2024-06-17 17:00:00,NULL
3654,311,Ngô Thị Linh,341580226,ngothilinh880@outlook.com,1,0,Không có,1,2024-06-20 17:00:00,NULL
3655,39,Đặng Quốc Nga,375011403,dangquocnga455@outlook.com,1,3,Không có,1,2024-10-28 17:00:00,NULL
3656,295,Phan Minh Dũng,637352358,phanminhdung245@hotmail.com,3,0,Không có,1,2024-06-19 17:00:00,NULL
3657,104,Dương Văn Anh,919525192,duongvananh533@hotmail.com,1,0,Không có,1,2024-10-11 17:00:00,NULL
3658,27,Lý Đức Phong,533784911,lyducphong503@yahoo.com,1,0,Không có,1,2024-12-11 17:00:00,NULL
3659,328,Lý Thị Phong,756497252,lythiphong225@yahoo.com,3,0,Không có,1,2024-03-23 17:00:00,NULL
3660,93,Lý Hải Phong,826495003,lyhaiphong346@gmail.com,3,2,Không có,1,2024-05-15 17:00:00,NULL
3661,318,Phan Quốc Bình,654549587,phanquocbinh639@hotmail.com,1,2,Không có,1,2024-05-19 17:00:00,NULL
3662,266,Đặng Hải Bình,350590821,danghaibinh882@gmail.com,3,2,Không có,1,2024-02-16 17:00:00,NULL
3663,332,Hoàng Đức Hạnh,984683755,hoangduchanh284@vku.udn.vn,2,3,Không có,1,2024-03-31 17:00:00,NULL
3664,347,Võ Minh Phong,696098177,vominhphong172@vku.udn.vn,3,0,Không có,1,2024-03-05 17:00:00,NULL
3665,115,Đỗ Thu Linh,945375182,dothulinh556@hotmail.com,3,2,Không có,1,2024-05-25 17:00:00,NULL
3666,75,Đặng Thanh Phong,651843035,dangthanhphong880@hotmail.com,2,3,Không có,1,2024-01-13 17:00:00,NULL
3667,250,Đỗ Thị Anh,595310485,dothianh251@yahoo.com,1,0,Không có,1,2024-03-28 17:00:00,NULL
3668,330,Ngô Hải Long,870298515,ngohailong573@vku.udn.vn,2,1,Không có,1,2024-12-02 17:00:00,NULL
3669,80,Trần Hải Long,941900872,tranhailong602@yahoo.com,3,1,Không có,1,2024-01-31 17:00:00,NULL
3670,322,Hoàng Minh Dũng,761588882,hoangminhdung805@vku.udn.vn,1,2,Không có,1,2024-09-23 17:00:00,NULL
3671,325,Đỗ Minh Dũng,513814138,dominhdung151@gmail.com,3,2,Không có,1,2024-04-01 17:00:00,NULL
3672,354,Bùi Thu Phong,819151495,buithuphong477@outlook.com,1,3,Không có,1,2024-02-27 17:00:00,NULL
3673,48,Trần Thu Bình,685347497,tranthubinh624@gmail.com,3,2,Không có,1,2024-10-01 17:00:00,NULL
3674,359,Trần Đức Nam,736398872,tranducnam501@vku.udn.vn,2,0,Không có,1,2024-04-19 17:00:00,NULL
3675,282,Bùi Hải Dũng,807850824,buihaidung827@outlook.com,1,2,Không có,1,2024-11-09 17:00:00,NULL
3676,107,Đặng Minh Hạnh,996145521,dangminhhanh233@vku.udn.vn,3,3,Không có,1,2024-07-21 17:00:00,NULL
3677,284,Nguyễn Quốc Nam,664323393,nguyenquocnam820@gmail.com,3,0,Không có,1,2024-08-09 17:00:00,NULL
3678,392,Đỗ Hoàng Phong,556943695,dohoangphong727@yahoo.com,1,3,Không có,1,2024-09-11 17:00:00,NULL
3679,289,Hoàng Hải Hùng,754200826,hoanghaihung714@vku.udn.vn,1,0,Không có,1,2024-12-19 17:00:00,NULL
3680,286,Phạm Thị Mai,890907304,phamthimai101@gmail.com,2,0,Không có,1,2024-02-28 17:00:00,NULL
3681,30,Dương Minh Hùng,768290554,duongminhhung327@hotmail.com,2,0,Không có,1,2024-09-27 17:00:00,NULL
3682,111,Bùi Hoàng Trang,780199232,buihoangtrang383@gmail.com,2,2,Không có,1,2024-09-30 17:00:00,NULL
3683,24,Vũ Thị Long,450515800,vuthilong805@gmail.com,3,1,Không có,1,2024-11-01 17:00:00,NULL
3684,252,Phạm Đức Nga,946412689,phamducnga28@vku.udn.vn,3,0,Không có,1,2024-08-19 17:00:00,NULL
3685,70,Nguyễn Thanh Cường,685659861,nguyenthanhcuong77@vku.udn.vn,1,0,Không có,1,2024-09-14 17:00:00,NULL
3686,299,Lê Hải Hạnh,883275843,lehaihanh721@hotmail.com,3,3,Không có,1,2024-10-18 17:00:00,NULL
3687,10,Đỗ Văn Long,572180322,dovanlong976@hotmail.com,3,1,Không có,1,2024-06-05 17:00:00,NULL
3688,303,Hoàng Văn Bình,981057736,hoangvanbinh434@hotmail.com,2,3,Không có,1,2024-03-10 17:00:00,NULL
3689,31,Phan Hải Nga,528449788,phanhainga913@vku.udn.vn,2,2,Không có,1,2024-09-17 17:00:00,NULL
3690,81,Lý Minh Mai,501103118,lyminhmai73@hotmail.com,2,3,Không có,1,2024-01-09 17:00:00,NULL
3691,119,Phạm Hải Mai,417109788,phamhaimai197@vku.udn.vn,1,0,Không có,1,2024-11-18 17:00:00,NULL
3692,6,Hoàng Quốc Dũng,493995416,hoangquocdung820@yahoo.com,3,1,Không có,1,2024-07-07 17:00:00,NULL
3693,375,Hoàng Thị Cường,557553274,hoangthicuong178@vku.udn.vn,3,0,Không có,1,2024-01-16 17:00:00,NULL
3694,30,Võ Hoàng Hương,964885790,vohoanghuong730@hotmail.com,3,0,Không có,1,2024-08-19 17:00:00,NULL
3695,374,Nguyễn Hoàng Nam,406551233,nguyenhoangnam971@yahoo.com,1,1,Không có,1,2024-05-30 17:00:00,NULL
3696,377,Hoàng Minh Nam,787512424,hoangminhnam73@yahoo.com,2,1,Không có,1,2024-12-06 17:00:00,NULL
3697,144,Dương Minh Trang,865317025,duongminhtrang662@gmail.com,3,1,Không có,1,2024-08-06 17:00:00,NULL
3698,378,Đỗ Đức Linh,423240112,doduclinh558@yahoo.com,3,0,Không có,1,2024-04-11 17:00:00,NULL
3699,279,Nguyễn Hoàng Nga,547083812,nguyenhoangnga603@yahoo.com,2,0,Không có,1,2024-01-02 17:00:00,NULL
3700,350,Trần Minh Hạnh,944687060,tranminhhanh825@gmail.com,1,0,Không có,1,2024-03-27 17:00:00,NULL
3701,17,Vũ Thanh Mai,913898334,vuthanhmai497@vku.udn.vn,1,1,Không có,1,2024-10-20 17:00:00,NULL
3702,66,Hoàng Thanh Lan,435333636,hoangthanhlan80@vku.udn.vn,2,0,Không có,1,2024-03-16 17:00:00,NULL
3703,383,Nguyễn Thị Dũng,917615339,nguyenthidung602@gmail.com,3,0,Không có,1,2024-02-13 17:00:00,NULL
3704,281,Đặng Đức Hùng,821209849,dangduchung220@vku.udn.vn,3,0,Không có,1,2024-07-13 17:00:00,NULL
3705,282,Bùi Hải Dũng,807850824,buihaidung827@outlook.com,2,0,Không có,1,2024-08-04 17:00:00,NULL
3706,354,Bùi Thu Phong,819151495,buithuphong477@outlook.com,2,0,Không có,1,2024-09-05 17:00:00,NULL
3707,380,Bùi Hoàng Hương,609893263,buihoanghuong450@gmail.com,1,2,Không có,1,2024-08-26 17:00:00,NULL
3708,342,Lê Hải Cường,353992714,lehaicuong267@outlook.com,2,0,Không có,1,2024-08-20 17:00:00,NULL
3709,66,Phạm Hữu Phong,478592927,phamhuuphong468@yahoo.com,1,1,Không có,1,2024-04-27 17:00:00,NULL
3710,268,Đặng Minh Nga,312327652,dangminhnga697@gmail.com,1,0,Không có,1,2024-01-22 17:00:00,NULL
3711,108,Đỗ Thanh Phong,766372801,dothanhphong630@vku.udn.vn,2,0,Không có,1,2024-04-06 17:00:00,NULL
3712,8,Hồ Đức Linh,633365326,hoduclinh376@outlook.com,3,0,Không có,1,2024-02-27 17:00:00,NULL
3713,91,Phan Hải Trang,501462649,phanhaitrang936@vku.udn.vn,3,3,Không có,1,2024-03-05 17:00:00,NULL
3714,390,Bùi Hải Long,774637858,buihailong779@gmail.com,2,0,Không có,1,2024-05-21 17:00:00,NULL
3715,280,Hồ Văn Dũng,372370545,hovandung928@gmail.com,1,3,Không có,1,2024-01-01 17:00:00,NULL
3716,110,Đỗ Thanh Phong,609815913,dothanhphong803@outlook.com,3,2,Không có,1,2024-05-26 17:00:00,NULL
3717,149,Đỗ Minh Phong,322819156,dominhphong389@outlook.com,2,2,Không có,1,2024-06-21 17:00:00,NULL
3718,133,Nguyễn Đức Hạnh,492748086,nguyenduchanh21@yahoo.com,1,3,Không có,1,2024-06-12 17:00:00,NULL
3719,276,Đặng Hữu Hùng,866585408,danghuuhung894@vku.udn.vn,2,0,Không có,1,2024-07-31 17:00:00,NULL
3720,137,Phạm Hải Bình,586336872,phamhaibinh345@gmail.com,2,0,Không có,1,2024-07-29 17:00:00,NULL
3721,359,Trần Đức Nam,736398872,tranducnam501@vku.udn.vn,1,0,Không có,1,2024-11-05 17:00:00,NULL
3722,23,Lê Đức Nam,680112557,leducnam562@gmail.com,2,0,Không có,1,2024-02-13 17:00:00,NULL
3723,6,Bùi Thị Trang,313368960,buithitrang742@hotmail.com,2,3,Không có,1,2024-12-11 17:00:00,NULL
3724,371,Ngô Hoàng Hùng,391462297,ngohoanghung255@gmail.com,1,3,Không có,1,2024-10-13 17:00:00,NULL
3725,275,Dương Thị Phong,871988889,duongthiphong785@yahoo.com,2,0,Không có,1,2024-04-20 17:00:00,NULL
3726,379,Lý Minh Hạnh,452725050,lyminhhanh74@gmail.com,1,0,Không có,1,2024-07-15 17:00:00,NULL
3727,132,Phan Thanh Mai,348520385,phanthanhmai508@gmail.com,1,3,Không có,1,2024-12-15 17:00:00,NULL
3728,369,Võ Thanh Cường,355165334,vothanhcuong259@outlook.com,3,0,Không có,1,2024-04-05 17:00:00,NULL
3729,365,Hồ Hoàng Phong,863324548,hohoangphong612@hotmail.com,2,0,Không có,1,2024-01-24 17:00:00,NULL
3730,133,Hồ Hoàng Nam,606424978,hohoangnam884@yahoo.com,2,0,Không có,1,2024-06-03 17:00:00,NULL
3731,275,Dương Thị Phong,871988889,duongthiphong785@yahoo.com,1,0,Không có,1,2024-01-09 17:00:00,NULL
3732,299,Lê Hải Hạnh,883275843,lehaihanh721@hotmail.com,3,3,Không có,1,2024-09-30 17:00:00,NULL
3733,129,Võ Văn Cường,518830067,vovancuong687@hotmail.com,1,1,Không có,1,2024-02-07 17:00:00,NULL
3734,279,Nguyễn Hoàng Nga,547083812,nguyenhoangnga603@yahoo.com,2,0,Không có,1,2024-04-10 17:00:00,NULL
3735,37,Ngô Minh Cường,764240499,ngominhcuong145@outlook.com,1,0,Không có,1,2024-02-15 17:00:00,NULL
3736,394,Đỗ Hữu Mai,613383963,dohuumai522@hotmail.com,2,0,Không có,1,2024-11-22 17:00:00,NULL
3737,72,Hồ Minh Trang,681485610,hominhtrang870@outlook.com,2,1,Không có,1,2024-09-17 17:00:00,NULL
3738,48,Đặng Đức Anh,658649155,dangducanh905@outlook.com,1,0,Không có,1,2024-06-13 17:00:00,NULL
3739,307,Hoàng Thanh Hương,342836793,hoangthanhhuong921@hotmail.com,1,1,Không có,1,2024-11-28 17:00:00,NULL
3740,255,Vũ Thị Lan,669319644,vuthilan619@hotmail.com,2,0,Không có,1,2024-04-04 17:00:00,NULL
3741,102,Dương Hải Anh,819637598,duonghaianh176@outlook.com,1,2,Không có,1,2024-04-14 17:00:00,NULL
3742,79,Hoàng Thị Phong,708411344,hoangthiphong12@vku.udn.vn,2,0,Không có,1,2024-03-20 17:00:00,NULL
3743,334,Lý Thu Bình,448578017,lythubinh155@yahoo.com,3,3,Không có,1,2024-01-22 17:00:00,NULL
3744,350,Trần Minh Hạnh,944687060,tranminhhanh825@gmail.com,3,3,Không có,1,2024-03-10 17:00:00,NULL
3745,81,Phạm Hoàng Nga,372605374,phamhoangnga633@hotmail.com,1,3,Không có,1,2024-04-13 17:00:00,NULL
3746,380,Bùi Hoàng Hương,609893263,buihoanghuong450@gmail.com,2,0,Không có,1,2024-10-08 17:00:00,NULL
3747,385,Lý Minh Cường,928492896,lyminhcuong447@outlook.com,2,0,Không có,1,2024-07-26 17:00:00,NULL
3748,261,Võ Quốc Hùng,987194506,voquochung705@vku.udn.vn,1,0,Không có,1,2024-10-26 17:00:00,NULL
3749,109,Bùi Thu Bình,979650342,buithubinh773@gmail.com,2,2,Không có,1,2024-04-30 17:00:00,NULL
3750,395,Võ Đức Mai,891916368,voducmai149@outlook.com,1,3,Không có,1,2024-05-01 17:00:00,NULL
3751,312,Dương Hải Lan,627696198,duonghailan841@yahoo.com,1,0,Không có,1,2024-02-27 17:00:00,NULL
3752,353,Hồ Hữu Linh,489125618,hohuulinh752@vku.udn.vn,2,3,Không có,1,2024-02-08 17:00:00,NULL
3753,372,Bùi Hoàng Phong,964021648,buihoangphong232@vku.udn.vn,2,0,Không có,1,2024-06-09 17:00:00,NULL
3754,143,Lý Hữu Hạnh,663390764,lyhuuhanh619@gmail.com,3,3,Không có,1,2024-12-15 17:00:00,NULL
3755,64,Ngô Thanh Dũng,980588010,ngothanhdung912@hotmail.com,3,1,Không có,1,2024-01-27 17:00:00,NULL
3756,322,Hoàng Minh Dũng,761588882,hoangminhdung805@vku.udn.vn,3,2,Không có,1,2024-07-13 17:00:00,NULL
3757,95,Dương Thu Dũng,776339768,duongthudung315@outlook.com,3,0,Không có,1,2024-09-18 17:00:00,NULL
3758,281,Đặng Đức Hùng,821209849,dangduchung220@vku.udn.vn,3,0,Không có,1,2024-08-29 17:00:00,NULL
3759,51,Nguyễn Minh Phong,709944088,nguyenminhphong303@hotmail.com,3,1,Không có,1,2024-06-07 17:00:00,NULL
3760,399,Ngô Thu Linh,788922557,ngothulinh956@hotmail.com,1,0,Không có,1,2024-09-25 17:00:00,NULL
3761,56,Trần Hải Anh,716342051,tranhaianh397@gmail.com,3,3,Không có,1,2024-11-17 17:00:00,NULL
3762,308,Đỗ Thị Lan,901170349,dothilan906@outlook.com,2,0,Không có,1,2024-06-07 17:00:00,NULL
3763,133,Trần Đức Phong,510485561,tranducphong585@outlook.com,3,1,Không có,1,2024-08-12 17:00:00,NULL
3764,83,Dương Hải Cường,689787617,duonghaicuong103@vku.udn.vn,3,2,Không có,1,2024-12-22 17:00:00,NULL
3765,349,Đỗ Quốc Linh,512954978,doquoclinh78@vku.udn.vn,1,3,Không có,1,2024-07-31 17:00:00,NULL
3766,60,Đỗ Thu Phong,694301683,dothuphong581@yahoo.com,3,1,Không có,1,2024-09-09 17:00:00,NULL
3767,338,Dương Quốc Nga,886405096,duongquocnga820@vku.udn.vn,1,2,Không có,1,2024-12-29 17:00:00,NULL
3768,316,Hồ Thanh Linh,950911797,hothanhlinh524@gmail.com,3,2,Không có,1,2024-01-05 17:00:00,NULL
3769,356,Bùi Hoàng Long,706936666,buihoanglong345@gmail.com,3,2,Không có,1,2024-03-03 17:00:00,NULL
3770,392,Đỗ Hoàng Phong,556943695,dohoangphong727@yahoo.com,1,0,Không có,1,2024-05-05 17:00:00,NULL
3771,333,Hoàng Hải Bình,606798268,hoanghaibinh241@hotmail.com,2,1,Không có,1,2024-11-07 17:00:00,NULL
3772,37,Trần Quốc Nam,777896590,tranquocnam199@outlook.com,3,1,Không có,1,2024-05-15 17:00:00,NULL
3773,379,Lý Minh Hạnh,452725050,lyminhhanh74@gmail.com,2,0,Không có,1,2024-02-18 17:00:00,NULL
3774,44,Lý Hoàng Bình,515716339,lyhoangbinh943@vku.udn.vn,3,1,Không có,1,2024-09-20 17:00:00,NULL
3775,44,Đỗ Thị Hương,317878505,dothihuong919@hotmail.com,2,1,Không có,1,2024-05-02 17:00:00,NULL
3776,86,Hoàng Quốc Long,567358477,hoangquoclong513@hotmail.com,1,0,Không có,1,2024-09-12 17:00:00,NULL
3777,301,Lý Thị Nam,894019365,lythinam160@hotmail.com,3,2,Không có,1,2024-08-22 17:00:00,NULL
3778,37,Hồ Hữu Lan,442802036,hohuulan495@outlook.com,1,0,Không có,1,2024-02-16 17:00:00,NULL
3779,278,Võ Thu Mai,429927269,vothumai254@yahoo.com,3,0,Không có,1,2024-05-10 17:00:00,NULL
3780,332,Hoàng Đức Hạnh,984683755,hoangduchanh284@vku.udn.vn,2,2,Không có,1,2024-03-19 17:00:00,NULL
3781,111,Lê Văn Long,463914434,levanlong854@yahoo.com,3,0,Không có,1,2024-04-25 17:00:00,NULL
3782,301,Lý Thị Nam,894019365,lythinam160@hotmail.com,3,2,Không có,1,2024-05-20 17:00:00,NULL
3783,276,Đặng Hữu Hùng,866585408,danghuuhung894@vku.udn.vn,1,1,Không có,1,2024-06-01 17:00:00,NULL
3784,307,Hoàng Thanh Hương,342836793,hoangthanhhuong921@hotmail.com,3,1,Không có,1,2024-04-15 17:00:00,NULL
3785,330,Ngô Hải Long,870298515,ngohailong573@vku.udn.vn,2,1,Không có,1,2024-01-09 17:00:00,NULL
3786,317,Phạm Minh Anh,768213197,phamminhanh2@vku.udn.vn,2,3,Không có,1,2024-08-11 17:00:00,NULL
3787,254,Phan Minh Cường,531191390,phanminhcuong981@hotmail.com,3,3,Không có,1,2024-07-25 17:00:00,NULL
3788,39,Ngô Thị Hương,768903677,ngothihuong655@hotmail.com,2,0,Không có,1,2024-11-14 17:00:00,NULL
3789,55,Hồ Hữu Cường,383587389,hohuucuong397@hotmail.com,3,0,Không có,1,2024-11-09 17:00:00,NULL
3790,125,Lê Thị Nam,857100593,lethinam285@vku.udn.vn,1,0,Không có,1,2024-03-03 17:00:00,NULL
3791,331,Bùi Thu Linh,888273030,buithulinh457@yahoo.com,1,3,Không có,1,2024-03-16 17:00:00,NULL
3792,36,Bùi Thu Long,591562603,buithulong11@vku.udn.vn,2,2,Không có,1,2024-07-17 17:00:00,NULL
3793,274,Nguyễn Đức Hương,909194872,nguyenduchuong970@gmail.com,2,1,Không có,1,2024-11-26 17:00:00,NULL
3794,391,Đặng Hữu Hương,609268943,danghuuhuong449@outlook.com,1,0,Không có,1,2024-07-12 17:00:00,NULL
3795,375,Hoàng Thị Cường,557553274,hoangthicuong178@vku.udn.vn,1,3,Không có,1,2024-05-16 17:00:00,NULL
3796,128,Đỗ Thị Cường,680057026,dothicuong661@vku.udn.vn,1,0,Không có,1,2024-03-13 17:00:00,NULL
3797,272,Lê Thanh Phong,473461957,lethanhphong553@vku.udn.vn,1,0,Không có,1,2024-09-11 17:00:00,NULL
3798,84,Lê Quốc Mai,871163511,lequocmai979@hotmail.com,2,1,Không có,1,2024-05-25 17:00:00,NULL
3799,127,Bùi Quốc Hương,666443895,buiquochuong762@hotmail.com,3,2,Không có,1,2024-04-29 17:00:00,NULL
3800,359,Trần Đức Nam,736398872,tranducnam501@vku.udn.vn,1,0,Không có,1,2024-12-17 17:00:00,NULL
3801,271,Lý Thị Hạnh,971410971,lythihanh306@vku.udn.vn,2,3,Không có,1,2024-01-29 17:00:00,NULL
3802,327,Phạm Quốc Mai,729123992,phamquocmai250@yahoo.com,1,3,Không có,1,2024-07-09 17:00:00,NULL
3803,53,Vũ Đức Long,675780330,vuduclong192@outlook.com,1,0,Không có,1,2024-06-25 17:00:00,NULL
3804,91,Lý Minh Trang,344942983,lyminhtrang988@outlook.com,2,3,Không có,1,2024-09-20 17:00:00,NULL
3805,139,Trần Thị Hạnh,806366369,tranthihanh124@vku.udn.vn,1,3,Không có,1,2024-07-29 17:00:00,NULL
3806,88,Vũ Quốc Bình,425129674,vuquocbinh870@outlook.com,1,0,Không có,1,2024-07-14 17:00:00,NULL
3807,268,Đặng Minh Nga,312327652,dangminhnga697@gmail.com,1,0,Không có,1,2024-08-23 17:00:00,NULL
3808,10,Đỗ Quốc Trang,982588157,doquoctrang834@hotmail.com,3,0,Không có,1,2024-01-31 17:00:00,NULL
3809,64,Ngô Hải Hùng,848230592,ngohaihung196@outlook.com,2,1,Không có,1,2024-01-08 17:00:00,NULL
3810,11,Võ Quốc Phong,989555341,voquocphong790@yahoo.com,3,0,Không có,1,2024-04-01 17:00:00,NULL
3811,271,Lý Thị Hạnh,971410971,lythihanh306@vku.udn.vn,2,1,Không có,1,2024-02-29 17:00:00,NULL
3812,398,Dương Hữu Mai,878296492,duonghuumai496@hotmail.com,2,3,Không có,1,2024-07-20 17:00:00,NULL
3813,372,Bùi Hoàng Phong,964021648,buihoangphong232@vku.udn.vn,1,2,Không có,1,2024-07-07 17:00:00,NULL
3814,117,Lý Thanh Anh,977545413,lythanhanh108@yahoo.com,3,0,Không có,1,2024-01-27 17:00:00,NULL
3815,118,Phạm Hải Long,350705657,phamhailong39@gmail.com,2,0,Không có,1,2024-08-19 17:00:00,NULL
3816,345,Ngô Văn Phong,333318206,ngovanphong973@yahoo.com,2,3,Không có,1,2024-07-16 17:00:00,NULL
3817,299,Lê Hải Hạnh,883275843,lehaihanh721@hotmail.com,2,2,Không có,1,2024-10-07 17:00:00,NULL
3818,323,Võ Hải Mai,529460134,vohaimai524@outlook.com,1,0,Không có,1,2024-01-11 17:00:00,NULL
3819,311,Ngô Thị Linh,341580226,ngothilinh880@outlook.com,2,3,Không có,1,2024-06-11 17:00:00,NULL
3820,278,Võ Thu Mai,429927269,vothumai254@yahoo.com,2,3,Không có,1,2024-04-10 17:00:00,NULL
3821,251,Đỗ Thu Bình,934036506,dothubinh433@gmail.com,3,0,Không có,1,2024-04-28 17:00:00,NULL
3822,334,Lý Thu Bình,448578017,lythubinh155@yahoo.com,2,3,Không có,1,2024-01-24 17:00:00,NULL
3823,345,Ngô Văn Phong,333318206,ngovanphong973@yahoo.com,1,1,Không có,1,2024-01-03 17:00:00,NULL
3824,373,Lý Hải Hùng,931924051,lyhaihung440@hotmail.com,2,2,Không có,1,2024-02-15 17:00:00,NULL
3825,12,Võ Hải Cường,568225778,vohaicuong273@hotmail.com,3,1,Không có,1,2024-05-05 17:00:00,NULL
3826,296,Đỗ Minh Mai,639492674,dominhmai952@gmail.com,2,0,Không có,1,2024-08-05 17:00:00,NULL
3827,10,Đỗ Hoàng Linh,445616759,dohoanglinh557@gmail.com,2,1,Không có,1,2024-07-10 17:00:00,NULL
3828,313,Đỗ Đức Linh,652468587,doduclinh286@gmail.com,2,1,Không có,1,2024-08-21 17:00:00,NULL
3829,254,Phan Minh Cường,531191390,phanminhcuong981@hotmail.com,2,1,Không có,1,2024-10-31 17:00:00,NULL
3830,265,Hoàng Hoàng Linh,926563708,hoanghoanglinh409@hotmail.com,3,0,Không có,1,2024-04-07 17:00:00,NULL
3831,275,Dương Thị Phong,871988889,duongthiphong785@yahoo.com,3,3,Không có,1,2024-11-25 17:00:00,NULL
3832,82,Ngô Hải Long,479802092,ngohailong574@vku.udn.vn,3,2,Không có,1,2024-02-03 17:00:00,NULL
3833,371,Ngô Hoàng Hùng,391462297,ngohoanghung255@gmail.com,3,0,Không có,1,2024-10-27 17:00:00,NULL
3834,8,Bùi Thị Trang,633162667,buithitrang847@outlook.com,2,0,Không có,1,2024-06-25 17:00:00,NULL
3835,306,Dương Thanh Trang,893269304,duongthanhtrang152@outlook.com,2,0,Không có,1,2024-03-21 17:00:00,NULL
3836,303,Hoàng Văn Bình,981057736,hoangvanbinh434@hotmail.com,1,3,Không có,1,2024-09-14 17:00:00,NULL
3837,129,Võ Thị Mai,587508829,vothimai114@gmail.com,2,3,Không có,1,2024-08-04 17:00:00,NULL
3838,26,Phan Văn Dũng,713163822,phanvandung941@hotmail.com,1,3,Không có,1,2024-03-28 17:00:00,NULL
3839,49,Dương Thanh Lan,392224826,duongthanhlan308@hotmail.com,1,0,Không có,1,2024-09-03 17:00:00,NULL
3840,313,Đỗ Đức Linh,652468587,doduclinh286@gmail.com,2,0,Không có,1,2024-07-13 17:00:00,NULL
3841,3,Đỗ Quốc Trang,821242533,doquoctrang438@outlook.com,3,3,Không có,1,2024-07-05 17:00:00,NULL
3842,36,Dương Thu Hùng,524050761,duongthuhung41@outlook.com,3,0,Không có,1,2024-10-18 17:00:00,NULL
3843,53,Ngô Đức Nga,327783697,ngoducnga272@outlook.com,3,2,Không có,1,2024-06-01 17:00:00,NULL
3844,390,Bùi Hải Long,774637858,buihailong779@gmail.com,3,3,Không có,1,2024-07-03 17:00:00,NULL
3845,64,Lý Văn Linh,871236797,lyvanlinh178@yahoo.com,1,2,Không có,1,2024-10-19 17:00:00,NULL
3846,111,Đỗ Hoàng Linh,965902434,dohoanglinh9@outlook.com,1,0,Không có,1,2024-07-30 17:00:00,NULL
3847,108,Hồ Văn Phong,916876860,hovanphong280@gmail.com,2,0,Không có,1,2024-08-08 17:00:00,NULL
3848,42,Phạm Quốc Cường,304196741,phamquoccuong613@outlook.com,1,2,Không có,1,2024-05-25 17:00:00,NULL
3849,75,Đặng Thị Cường,411698957,dangthicuong349@hotmail.com,2,0,Không có,1,2024-05-08 17:00:00,NULL
3850,280,Hồ Văn Dũng,372370545,hovandung928@gmail.com,2,0,Không có,1,2024-05-23 17:00:00,NULL
3851,96,Ngô Đức Hùng,427454660,ngoduchung745@hotmail.com,3,2,Không có,1,2024-11-18 17:00:00,NULL
3852,138,Phan Văn Bình,486067502,phanvanbinh723@outlook.com,1,0,Không có,1,2024-12-07 17:00:00,NULL
3853,332,Hoàng Đức Hạnh,984683755,hoangduchanh284@vku.udn.vn,2,0,Không có,1,2024-10-06 17:00:00,NULL
3854,29,Nguyễn Hoàng Hạnh,489983561,nguyenhoanghanh133@hotmail.com,3,0,Không có,1,2024-08-29 17:00:00,NULL
3855,354,Bùi Thu Phong,819151495,buithuphong477@outlook.com,2,0,Không có,1,2024-09-06 17:00:00,NULL
3856,287,Dương Văn Bình,553810544,duongvanbinh171@outlook.com,1,0,Không có,1,2024-11-08 17:00:00,NULL
3857,94,Võ Thu Bình,672759281,vothubinh503@gmail.com,1,1,Không có,1,2024-11-27 17:00:00,NULL
3858,28,Nguyễn Văn Trang,790395758,nguyenvantrang598@vku.udn.vn,3,0,Không có,1,2024-02-12 17:00:00,NULL
3859,398,Dương Hữu Mai,878296492,duonghuumai496@hotmail.com,3,1,Không có,1,2024-02-25 17:00:00,NULL
3860,130,Hoàng Thu Nam,546163954,hoangthunam209@hotmail.com,3,0,Không có,1,2024-02-23 17:00:00,NULL
3861,329,Võ Văn Nga,567574609,vovannga940@gmail.com,3,2,Không có,1,2024-02-07 17:00:00,NULL
3862,268,Đặng Minh Nga,312327652,dangminhnga697@gmail.com,3,0,Không có,1,2024-12-08 17:00:00,NULL
3863,79,Phạm Thị Long,537562480,phamthilong665@hotmail.com,3,1,Không có,1,2024-01-05 17:00:00,NULL
3864,134,Vũ Quốc Linh,428831861,vuquoclinh313@vku.udn.vn,2,0,Không có,1,2024-06-14 17:00:00,NULL
3865,138,Lý Quốc Dũng,494527485,lyquocdung569@yahoo.com,2,0,Không có,1,2024-10-16 17:00:00,NULL
3866,123,Đặng Thanh Hạnh,783326450,dangthanhhanh334@gmail.com,3,0,Không có,1,2024-10-17 17:00:00,NULL
3867,280,Hồ Văn Dũng,372370545,hovandung928@gmail.com,3,0,Không có,1,2024-11-23 17:00:00,NULL
3868,20,Lý Đức Bình,932544892,lyducbinh408@outlook.com,1,1,Không có,1,2024-11-08 17:00:00,NULL
3869,250,Đỗ Thị Anh,595310485,dothianh251@yahoo.com,2,0,Không có,1,2024-08-15 17:00:00,NULL
3870,292,Lê Văn Nga,386019028,levannga872@yahoo.com,3,0,Không có,1,2024-10-02 17:00:00,NULL
3871,99,Lý Hải Nga,740582130,lyhainga109@yahoo.com,3,2,Không có,1,2024-07-15 17:00:00,NULL
3872,125,Hồ Quốc Cường,651178854,hoquoccuong256@yahoo.com,2,2,Không có,1,2024-01-20 17:00:00,NULL
3873,381,Hồ Quốc Hùng,837377910,hoquochung553@outlook.com,1,2,Không có,1,2024-03-24 17:00:00,NULL
3874,12,Phan Minh Hùng,885257124,phanminhhung896@hotmail.com,2,1,Không có,1,2024-11-06 17:00:00,NULL
3875,37,Đỗ Thanh Cường,752049456,dothanhcuong849@gmail.com,2,0,Không có,1,2024-06-03 17:00:00,NULL
3876,255,Vũ Thị Lan,669319644,vuthilan619@hotmail.com,1,0,Không có,1,2024-06-12 17:00:00,NULL
3877,145,Hồ Thu Anh,910765938,hothuanh896@gmail.com,1,0,Không có,1,2024-10-07 17:00:00,NULL
3878,338,Dương Quốc Nga,886405096,duongquocnga820@vku.udn.vn,1,1,Không có,1,2024-07-01 17:00:00,NULL
3879,37,Trần Thu Cường,993757145,tranthucuong219@yahoo.com,1,3,Không có,1,2024-11-30 17:00:00,NULL
3880,32,Ngô Hải Bình,536309784,ngohaibinh558@hotmail.com,1,0,Không có,1,2024-01-22 17:00:00,NULL
3881,101,Lê Hoàng Linh,859329192,lehoanglinh260@hotmail.com,2,0,Không có,1,2024-04-30 17:00:00,NULL
3882,85,Phan Hải Hùng,443714218,phanhaihung993@gmail.com,2,0,Không có,1,2024-08-25 17:00:00,NULL
3883,343,Võ Thanh Lan,707083673,vothanhlan285@outlook.com,1,0,Không có,1,2024-11-17 17:00:00,NULL
3884,55,Trần Hải Lan,964296707,tranhailan390@hotmail.com,3,0,Không có,1,2024-01-22 17:00:00,NULL
3885,109,Phạm Đức Long,681816675,phamduclong748@yahoo.com,1,2,Không có,1,2024-03-06 17:00:00,NULL
3886,334,Lý Thu Bình,448578017,lythubinh155@yahoo.com,3,0,Không có,1,2024-06-10 17:00:00,NULL
3887,128,Nguyễn Văn Hạnh,996106516,nguyenvanhanh340@yahoo.com,1,0,Không có,1,2024-11-08 17:00:00,NULL
3888,280,Hồ Văn Dũng,372370545,hovandung928@gmail.com,3,2,Không có,1,2024-04-16 17:00:00,NULL
3889,7,Phan Hải Mai,637645509,phanhaimai814@outlook.com,2,0,Không có,1,2024-06-05 17:00:00,NULL
3890,136,Lê Hữu Dũng,591010182,lehuudung659@hotmail.com,3,2,Không có,1,2024-12-12 17:00:00,NULL
3891,145,Phan Thị Nam,426758807,phanthinam269@yahoo.com,3,0,Không có,1,2024-09-24 17:00:00,NULL
3892,348,Ngô Hữu Hùng,416070149,ngohuuhung593@gmail.com,1,0,Không có,1,2024-05-17 17:00:00,NULL
3893,395,Võ Đức Mai,891916368,voducmai149@outlook.com,3,3,Không có,1,2024-07-29 17:00:00,NULL
3894,389,Đỗ Thu Mai,743721204,dothumai56@yahoo.com,3,0,Không có,1,2024-06-23 17:00:00,NULL
3895,9,Trần Thị Hùng,794572290,tranthihung425@yahoo.com,3,0,Không có,1,2024-06-21 17:00:00,NULL
3896,305,Đặng Văn Bình,380792472,dangvanbinh968@yahoo.com,2,0,Không có,1,2024-12-26 17:00:00,NULL
3897,361,Hồ Đức Hùng,924440558,hoduchung378@outlook.com,1,3,Không có,1,2024-06-27 17:00:00,NULL
3898,273,Phan Hải Anh,420117054,phanhaianh952@hotmail.com,1,0,Không có,1,2024-02-06 17:00:00,NULL
3899,128,Hồ Văn Cường,374185892,hovancuong735@hotmail.com,2,1,Không có,1,2024-01-12 17:00:00,NULL
3900,385,Lý Minh Cường,928492896,lyminhcuong447@outlook.com,1,0,Không có,1,2024-05-27 17:00:00,NULL
3901,12,Đỗ Đức Linh,717512828,doduclinh747@hotmail.com,2,2,Không có,1,2024-04-05 17:00:00,NULL
3902,116,Đỗ Thị Hùng,497008294,dothihung528@yahoo.com,1,0,Không có,1,2024-11-19 17:00:00,NULL
3903,294,Bùi Văn Trang,388029013,buivantrang430@vku.udn.vn,1,0,Không có,1,2024-07-21 17:00:00,NULL
3904,109,Ngô Thu Long,736274435,ngothulong992@vku.udn.vn,2,2,Không có,1,2024-03-16 17:00:00,NULL
3905,262,Dương Văn Dũng,334467368,duongvandung825@hotmail.com,1,3,Không có,1,2024-08-04 17:00:00,NULL
3906,330,Ngô Hải Long,870298515,ngohailong573@vku.udn.vn,1,3,Không có,1,2024-12-26 17:00:00,NULL
3907,253,Vũ Đức Mai,932719211,vuducmai285@gmail.com,2,2,Không có,1,2024-08-29 17:00:00,NULL
3908,25,Dương Hoàng Phong,647107278,duonghoangphong358@gmail.com,3,1,Không có,1,2024-02-22 17:00:00,NULL
3909,123,Ngô Thu Hùng,708078074,ngothuhung142@outlook.com,2,1,Không có,1,2024-11-23 17:00:00,NULL
3910,328,Lý Thị Phong,756497252,lythiphong225@yahoo.com,1,3,Không có,1,2024-12-15 17:00:00,NULL
3911,61,Đặng Hải Hùng,476027240,danghaihung503@vku.udn.vn,2,1,Không có,1,2024-03-10 17:00:00,NULL
3912,107,Ngô Minh Trang,589760079,ngominhtrang683@gmail.com,1,0,Không có,1,2024-03-02 17:00:00,NULL
3913,46,Hồ Thu Bình,910598217,hothubinh321@outlook.com,2,0,Không có,1,2024-02-10 17:00:00,NULL
3914,143,Dương Hải Nam,326924703,duonghainam9@vku.udn.vn,3,1,Không có,1,2024-03-28 17:00:00,NULL
3915,312,Dương Hải Lan,627696198,duonghailan841@yahoo.com,2,2,Không có,1,2024-03-31 17:00:00,NULL
3916,70,Đặng Quốc Nam,624885097,dangquocnam247@yahoo.com,3,0,Không có,1,2024-03-07 17:00:00,NULL
3917,105,Nguyễn Hữu Mai,750862344,nguyenhuumai530@yahoo.com,3,0,Không có,1,2024-12-23 17:00:00,NULL
3918,296,Đỗ Minh Mai,639492674,dominhmai952@gmail.com,2,0,Không có,1,2024-02-24 17:00:00,NULL
3919,323,Võ Hải Mai,529460134,vohaimai524@outlook.com,3,3,Không có,1,2024-12-14 17:00:00,NULL
3920,349,Đỗ Quốc Linh,512954978,doquoclinh78@vku.udn.vn,1,0,Không có,1,2024-06-08 17:00:00,NULL
3921,383,Nguyễn Thị Dũng,917615339,nguyenthidung602@gmail.com,1,0,Không có,1,2024-09-30 17:00:00,NULL
3922,32,Phạm Đức Cường,623299640,phamduccuong181@vku.udn.vn,2,1,Không có,1,2024-10-04 17:00:00,NULL
3923,363,Hoàng Minh Hùng,547538338,hoangminhhung124@yahoo.com,1,0,Không có,1,2024-05-01 17:00:00,NULL
3924,278,Võ Thu Mai,429927269,vothumai254@yahoo.com,2,0,Không có,1,2024-09-07 17:00:00,NULL
3925,335,Hồ Đức Bình,745461013,hoducbinh418@hotmail.com,2,1,Không có,1,2024-09-03 17:00:00,NULL
3926,122,Phạm Thu Nam,612482455,phamthunam953@vku.udn.vn,3,0,Không có,1,2024-09-12 17:00:00,NULL
3927,89,Hoàng Thu Anh,958955751,hoangthuanh901@vku.udn.vn,2,0,Không có,1,2024-12-11 17:00:00,NULL
3928,128,Đỗ Thanh Lan,788200680,dothanhlan711@outlook.com,2,0,Không có,1,2024-08-30 17:00:00,NULL
3929,60,Hồ Quốc Mai,857665123,hoquocmai643@outlook.com,3,3,Không có,1,2024-05-12 17:00:00,NULL
3930,7,Hồ Thanh Phong,510424379,hothanhphong702@gmail.com,3,3,Không có,1,2024-03-01 17:00:00,NULL
3931,130,Đặng Thu Long,416315783,dangthulong879@vku.udn.vn,3,2,Không có,1,2024-03-17 17:00:00,NULL
3932,123,Dương Hải Nga,343283097,duonghainga425@yahoo.com,1,2,Không có,1,2024-11-17 17:00:00,NULL
3933,304,Phan Hữu Long,581272327,phanhuulong166@outlook.com,2,2,Không có,1,2024-12-22 17:00:00,NULL
3934,328,Lý Thị Phong,756497252,lythiphong225@yahoo.com,2,0,Không có,1,2024-04-26 17:00:00,NULL
3935,92,Hồ Thanh Cường,480422787,hothanhcuong118@hotmail.com,2,3,Không có,1,2024-11-23 17:00:00,NULL
3936,78,Đặng Hữu Linh,692337534,danghuulinh474@outlook.com,3,1,Không có,1,2024-04-22 17:00:00,NULL
3937,311,Ngô Thị Linh,341580226,ngothilinh880@outlook.com,1,2,Không có,1,2024-07-19 17:00:00,NULL
3938,251,Đỗ Thu Bình,934036506,dothubinh433@gmail.com,1,2,Không có,1,2024-09-10 17:00:00,NULL
3939,379,Lý Minh Hạnh,452725050,lyminhhanh74@gmail.com,1,0,Không có,1,2024-04-13 17:00:00,NULL
3940,98,Dương Thanh Hùng,604505520,duongthanhhung676@hotmail.com,2,1,Không có,1,2024-04-27 17:00:00,NULL
3941,85,Võ Minh Anh,899206499,vominhanh418@outlook.com,2,1,Không có,1,2024-05-27 17:00:00,NULL
3942,375,Hoàng Thị Cường,557553274,hoangthicuong178@vku.udn.vn,2,2,Không có,1,2024-06-10 17:00:00,NULL
3943,17,Vũ Hải Bình,717442424,vuhaibinh35@yahoo.com,1,0,Không có,1,2024-02-11 17:00:00,NULL
3944,269,Ngô Minh Phong,988227492,ngominhphong349@gmail.com,1,1,Không có,1,2024-06-10 17:00:00,NULL
3945,284,Nguyễn Quốc Nam,664323393,nguyenquocnam820@gmail.com,2,1,Không có,1,2024-01-23 17:00:00,NULL
3946,341,Nguyễn Quốc Trang,906011277,nguyenquoctrang679@gmail.com,3,2,Không có,1,2024-02-18 17:00:00,NULL
3947,374,Nguyễn Hoàng Nam,406551233,nguyenhoangnam971@yahoo.com,3,0,Không có,1,2024-09-09 17:00:00,NULL
3948,49,Nguyễn Thị Anh,690389118,nguyenthianh856@outlook.com,1,2,Không có,1,2024-10-02 17:00:00,NULL
3949,27,Hoàng Minh Long,692697009,hoangminhlong798@vku.udn.vn,2,3,Không có,1,2024-12-03 17:00:00,NULL
3950,9,Võ Hữu Dũng,774304693,vohuudung634@outlook.com,3,1,Không có,1,2024-10-21 17:00:00,NULL
3951,308,Đỗ Thị Lan,901170349,dothilan906@outlook.com,1,1,Không có,1,2024-11-13 17:00:00,NULL
3952,89,Hoàng Văn Long,938977850,hoangvanlong736@yahoo.com,1,2,Không có,1,2024-04-20 17:00:00,NULL
3953,308,Đỗ Thị Lan,901170349,dothilan906@outlook.com,2,2,Không có,1,2024-10-29 17:00:00,NULL
3954,127,Đỗ Minh Dũng,822838757,dominhdung346@gmail.com,2,2,Không có,1,2024-10-01 17:00:00,NULL
3955,101,Ngô Minh Mai,726349860,ngominhmai699@vku.udn.vn,1,0,Không có,1,2024-02-02 17:00:00,NULL
3956,361,Hồ Đức Hùng,924440558,hoduchung378@outlook.com,3,0,Không có,1,2024-10-01 17:00:00,NULL
3957,346,Bùi Hữu Dũng,435528741,buihuudung485@gmail.com,2,3,Không có,1,2024-09-16 17:00:00,NULL
3958,262,Dương Văn Dũng,334467368,duongvandung825@hotmail.com,1,3,Không có,1,2024-04-27 17:00:00,NULL
3959,321,Đỗ Hữu Trang,911072118,dohuutrang309@outlook.com,2,1,Không có,1,2024-01-26 17:00:00,NULL
3960,392,Đỗ Hoàng Phong,556943695,dohoangphong727@yahoo.com,2,0,Không có,1,2024-03-04 17:00:00,NULL
3961,145,Phan Thanh Nam,526123680,phanthanhnam841@vku.udn.vn,3,2,Không có,1,2024-11-19 17:00:00,NULL
3962,106,Phan Hoàng Long,976650284,phanhoanglong169@vku.udn.vn,1,3,Không có,1,2024-10-23 17:00:00,NULL
3963,47,Lý Hữu Nam,739534876,lyhuunam429@outlook.com,1,1,Không có,1,2024-03-17 17:00:00,NULL
3964,390,Bùi Hải Long,774637858,buihailong779@gmail.com,3,1,Không có,1,2024-12-20 17:00:00,NULL
3965,279,Nguyễn Hoàng Nga,547083812,nguyenhoangnga603@yahoo.com,3,0,Không có,1,2024-03-22 17:00:00,NULL
3966,304,Phan Hữu Long,581272327,phanhuulong166@outlook.com,3,0,Không có,1,2024-03-09 17:00:00,NULL
3967,345,Ngô Văn Phong,333318206,ngovanphong973@yahoo.com,3,1,Không có,1,2024-05-29 17:00:00,NULL
3968,138,Phạm Thị Hạnh,592820490,phamthihanh327@yahoo.com,3,1,Không có,1,2024-10-06 17:00:00,NULL
3969,296,Đỗ Minh Mai,639492674,dominhmai952@gmail.com,2,0,Không có,1,2024-11-21 17:00:00,NULL
3970,69,Lý Thanh Lan,318033566,lythanhlan944@hotmail.com,1,0,Không có,1,2024-03-21 17:00:00,NULL
3971,290,Lê Đức Hùng,533754555,leduchung992@gmail.com,2,3,Không có,1,2024-07-04 17:00:00,NULL
3972,393,Nguyễn Thu Linh,400082623,nguyenthulinh231@gmail.com,3,3,Không có,1,2024-01-02 17:00:00,NULL
3973,70,Lê Thị Anh,865072254,lethianh920@gmail.com,2,2,Không có,1,2024-01-17 17:00:00,NULL
3974,75,Dương Quốc Mai,454152394,duongquocmai220@vku.udn.vn,3,0,Không có,1,2024-05-15 17:00:00,NULL
3975,131,Võ Thanh Long,626595347,vothanhlong143@gmail.com,2,1,Không có,1,2024-05-02 17:00:00,NULL
3976,14,Phan Thanh Dũng,793971633,phanthanhdung560@yahoo.com,3,0,Không có,1,2024-12-16 17:00:00,NULL
3977,113,Hoàng Thu Dũng,447054417,hoangthudung467@yahoo.com,1,0,Không có,1,2024-03-22 17:00:00,NULL
3978,270,Lê Hải Anh,582811832,lehaianh996@vku.udn.vn,3,0,Không có,1,2024-01-31 17:00:00,NULL
3979,144,Dương Minh Anh,739032498,duongminhanh680@vku.udn.vn,3,0,Không có,1,2024-07-04 17:00:00,NULL
3980,270,Lê Hải Anh,582811832,lehaianh996@vku.udn.vn,3,0,Không có,1,2024-03-23 17:00:00,NULL
3981,14,Lê Hữu Phong,396822720,lehuuphong868@yahoo.com,2,1,Không có,1,2024-07-02 17:00:00,NULL
3982,41,Trần Hữu Hùng,933065927,tranhuuhung52@hotmail.com,1,2,Không có,1,2024-12-05 17:00:00,NULL
3983,78,Đỗ Minh Hương,998124067,dominhhuong495@outlook.com,2,0,Không có,1,2024-11-22 17:00:00,NULL
3984,301,Lý Thị Nam,894019365,lythinam160@hotmail.com,2,2,Không có,1,2024-04-21 17:00:00,NULL
3985,67,Phan Văn Lan,406455125,phanvanlan406@gmail.com,3,0,Không có,1,2024-09-28 17:00:00,NULL
3986,283,Trần Quốc Lan,754814084,tranquoclan421@outlook.com,1,0,Không có,1,2024-06-01 17:00:00,NULL
3987,67,Lê Minh Cường,352145997,leminhcuong62@outlook.com,2,3,Không có,1,2024-07-30 17:00:00,NULL
3988,38,Ngô Hữu Hạnh,434623358,ngohuuhanh416@vku.udn.vn,3,0,Không có,1,2024-07-31 17:00:00,NULL
3989,129,Bùi Hữu Bình,557798191,buihuubinh961@yahoo.com,1,0,Không có,1,2024-12-21 17:00:00,NULL
3990,256,Đặng Thị Hương,706448196,dangthihuong81@vku.udn.vn,2,0,Không có,1,2024-07-27 17:00:00,NULL
3991,43,Dương Văn Long,876985363,duongvanlong69@vku.udn.vn,2,2,Không có,1,2024-04-16 17:00:00,NULL
3992,110,Trần Hữu Lan,303823954,tranhuulan300@outlook.com,3,2,Không có,1,2024-05-30 17:00:00,NULL
3993,133,Trần Minh Hương,961045474,tranminhhuong342@yahoo.com,2,2,Không có,1,2024-11-17 17:00:00,NULL
3994,7,Hoàng Thanh Nga,489823703,hoangthanhnga309@gmail.com,1,0,Không có,1,2024-09-28 17:00:00,NULL
3995,67,Vũ Hải Mai,370157023,vuhaimai305@yahoo.com,3,0,Không có,1,2024-05-24 17:00:00,NULL
3996,388,Trần Thanh Hùng,647112584,tranthanhhung119@outlook.com,2,1,Không có,1,2024-05-30 17:00:00,NULL
3997,280,Hồ Văn Dũng,372370545,hovandung928@gmail.com,2,2,Không có,1,2024-05-01 17:00:00,NULL
3998,16,Dương Thị Dũng,310208671,duongthidung951@outlook.com,2,2,Không có,1,2024-11-28 17:00:00,NULL
3999,274,Nguyễn Đức Hương,909194872,nguyenduchuong970@gmail.com,3,0,Không có,1,2024-01-23 17:00:00,NULL
4000,71,Dương Văn Phong,404127713,duongvanphong56@yahoo.com,2,3,Không có,1,2024-11-22 17:00:00,NULL
4001,125,Dương Thanh Nga,626628304,duongthanhnga385@vku.udn.vn,3,0,Không có,1,2024-07-30 17:00:00,NULL
4002,267,Ngô Quốc Trang,368212356,ngoquoctrang395@outlook.com,1,2,Không có,1,2024-09-10 17:00:00,NULL
4003,317,Phạm Minh Anh,768213197,phamminhanh2@vku.udn.vn,2,3,Không có,1,2024-04-03 17:00:00,NULL
4004,135,Vũ Thanh Bình,818057364,vuthanhbinh186@outlook.com,3,3,Không có,1,2024-01-16 17:00:00,NULL
4005,143,Vũ Hữu Hạnh,537328345,vuhuuhanh579@yahoo.com,2,3,Không có,1,2024-06-26 17:00:00,NULL
4006,112,Hồ Thanh Long,389931547,hothanhlong782@outlook.com,1,0,Không có,1,2024-07-23 17:00:00,NULL
4007,87,Đặng Đức Bình,719603684,dangducbinh779@gmail.com,3,3,Không có,1,2024-04-18 17:00:00,NULL
4008,105,Lê Quốc Phong,388169330,lequocphong618@outlook.com,3,3,Không có,1,2024-02-18 17:00:00,NULL
4009,32,Bùi Thị Trang,926061867,buithitrang826@vku.udn.vn,2,3,Không có,1,2024-05-16 17:00:00,NULL
4010,65,Hoàng Thanh Bình,862483492,hoangthanhbinh172@yahoo.com,3,0,Không có,1,2024-06-07 17:00:00,NULL
4011,338,Dương Quốc Nga,886405096,duongquocnga820@vku.udn.vn,3,2,Không có,1,2024-04-29 17:00:00,NULL
4012,21,Đỗ Hoàng Trang,491872594,dohoangtrang744@outlook.com,2,0,Không có,1,2024-03-01 17:00:00,NULL
4013,329,Võ Văn Nga,567574609,vovannga940@gmail.com,3,0,Không có,1,2024-12-16 17:00:00,NULL
4014,301,Lý Thị Nam,894019365,lythinam160@hotmail.com,3,3,Không có,1,2024-07-02 17:00:00,NULL
4015,44,Lê Hải Cường,449504603,lehaicuong232@hotmail.com,2,0,Không có,1,2024-06-27 17:00:00,NULL
4016,110,Trần Quốc Cường,844288051,tranquoccuong858@vku.udn.vn,2,1,Không có,1,2024-09-21 17:00:00,NULL
4017,355,Phan Đức Hạnh,393053577,phanduchanh286@outlook.com,1,2,Không có,1,2024-05-09 17:00:00,NULL
4018,25,Hồ Hữu Hùng,660872849,hohuuhung633@outlook.com,1,2,Không có,1,2024-08-19 17:00:00,NULL
4019,14,Dương Đức Hạnh,514424451,duongduchanh403@vku.udn.vn,2,3,Không có,1,2024-11-18 17:00:00,NULL
4020,371,Ngô Hoàng Hùng,391462297,ngohoanghung255@gmail.com,3,0,Không có,1,2024-02-09 17:00:00,NULL
4021,302,Phạm Thanh Dũng,981007818,phamthanhdung874@hotmail.com,1,0,Không có,1,2024-07-18 17:00:00,NULL
4022,32,Võ Hoàng Nam,835139309,vohoangnam755@yahoo.com,3,0,Không có,1,2024-04-27 17:00:00,NULL
4023,50,Bùi Văn Bình,439413440,buivanbinh184@vku.udn.vn,3,3,Không có,1,2024-08-16 17:00:00,NULL
4024,139,Bùi Hữu Nga,741829315,buihuunga138@yahoo.com,3,1,Không có,1,2024-12-26 17:00:00,NULL
4025,262,Dương Văn Dũng,334467368,duongvandung825@hotmail.com,3,3,Không có,1,2024-10-13 17:00:00,NULL
4026,114,Trần Minh Nam,604788290,tranminhnam965@gmail.com,2,3,Không có,1,2024-08-09 17:00:00,NULL
4027,361,Hồ Đức Hùng,924440558,hoduchung378@outlook.com,1,0,Không có,1,2024-07-21 17:00:00,NULL
4028,78,Hoàng Hải Nga,397336294,hoanghainga243@gmail.com,3,0,Không có,1,2024-01-03 17:00:00,NULL
4029,139,Võ Minh Cường,622215893,vominhcuong274@vku.udn.vn,1,1,Không có,1,2024-06-05 17:00:00,NULL
4030,69,Nguyễn Minh Long,777423841,nguyenminhlong246@vku.udn.vn,3,3,Không có,1,2024-01-28 17:00:00,NULL
4031,125,Trần Văn Hương,755048530,tranvanhuong386@yahoo.com,3,0,Không có,1,2024-06-02 17:00:00,NULL
4032,147,Đỗ Thu Mai,904525757,dothumai719@yahoo.com,2,0,Không có,1,2024-08-08 17:00:00,NULL
4033,13,Trần Văn Nam,461110679,tranvannam30@vku.udn.vn,2,2,Không có,1,2024-12-28 17:00:00,NULL
4034,94,Phan Hữu Hương,851694148,phanhuuhuong814@vku.udn.vn,1,0,Không có,1,2024-09-01 17:00:00,NULL
4035,274,Nguyễn Đức Hương,909194872,nguyenduchuong970@gmail.com,1,2,Không có,1,2024-03-04 17:00:00,NULL
4036,389,Đỗ Thu Mai,743721204,dothumai56@yahoo.com,1,0,Không có,1,2024-07-15 17:00:00,NULL
4037,385,Lý Minh Cường,928492896,lyminhcuong447@outlook.com,1,0,Không có,1,2024-04-19 17:00:00,NULL
4038,380,Bùi Hoàng Hương,609893263,buihoanghuong450@gmail.com,2,0,Không có,1,2024-08-10 17:00:00,NULL
4039,374,Nguyễn Hoàng Nam,406551233,nguyenhoangnam971@yahoo.com,1,3,Không có,1,2024-02-18 17:00:00,NULL
4040,254,Phan Minh Cường,531191390,phanminhcuong981@hotmail.com,3,0,Không có,1,2024-05-18 17:00:00,NULL
4041,359,Trần Đức Nam,736398872,tranducnam501@vku.udn.vn,3,0,Không có,1,2024-04-29 17:00:00,NULL
4042,287,Dương Văn Bình,553810544,duongvanbinh171@outlook.com,1,0,Không có,1,2024-11-08 17:00:00,NULL
4043,33,Bùi Thanh Bình,600633234,buithanhbinh218@yahoo.com,2,0,Không có,1,2024-07-09 17:00:00,NULL
4044,88,Dương Hải Phong,977780315,duonghaiphong78@outlook.com,1,0,Không có,1,2024-10-27 17:00:00,NULL
4045,390,Bùi Hải Long,774637858,buihailong779@gmail.com,2,0,Không có,1,2024-06-06 17:00:00,NULL
4046,106,Nguyễn Văn Anh,916190386,nguyenvananh138@hotmail.com,1,1,Không có,1,2024-02-20 17:00:00,NULL
4047,274,Nguyễn Đức Hương,909194872,nguyenduchuong970@gmail.com,1,3,Không có,1,2024-01-19 17:00:00,NULL
4048,352,Nguyễn Quốc Hạnh,826350075,nguyenquochanh109@outlook.com,2,0,Không có,1,2024-04-26 17:00:00,NULL
4049,301,Lý Thị Nam,894019365,lythinam160@hotmail.com,3,3,Không có,1,2024-09-07 17:00:00,NULL
4050,80,Dương Đức Nam,311927236,duongducnam758@yahoo.com,2,0,Không có,1,2024-07-05 17:00:00,NULL
4051,390,Bùi Hải Long,774637858,buihailong779@gmail.com,1,0,Không có,1,2024-05-28 17:00:00,NULL
4052,13,Trần Minh Anh,701265207,tranminhanh504@hotmail.com,3,1,Không có,1,2024-12-16 17:00:00,NULL
4053,378,Đỗ Đức Linh,423240112,doduclinh558@yahoo.com,1,0,Không có,1,2024-04-19 17:00:00,NULL
4054,120,Đặng Văn Mai,820285256,dangvanmai232@yahoo.com,1,0,Không có,1,2024-02-10 17:00:00,NULL
4055,112,Ngô Hữu Mai,954547423,ngohuumai63@hotmail.com,2,0,Không có,1,2024-04-16 17:00:00,NULL
4056,252,Phạm Đức Nga,946412689,phamducnga28@vku.udn.vn,3,0,Không có,1,2024-06-23 17:00:00,NULL
4057,146,Phạm Hải Long,920843935,phamhailong793@hotmail.com,1,2,Không có,1,2024-12-14 17:00:00,NULL
4058,76,Phạm Thanh Hùng,565479062,phamthanhhung449@yahoo.com,2,0,Không có,1,2024-02-05 17:00:00,NULL
4059,280,Hồ Văn Dũng,372370545,hovandung928@gmail.com,3,0,Không có,1,2024-05-14 17:00:00,NULL
4060,131,Đỗ Thanh Nam,414177360,dothanhnam108@hotmail.com,3,0,Không có,1,2024-11-11 17:00:00,NULL
4061,79,Hoàng Đức Lan,831989624,hoangduclan774@yahoo.com,1,0,Không có,1,2024-04-06 17:00:00,NULL
4062,374,Nguyễn Hoàng Nam,406551233,nguyenhoangnam971@yahoo.com,2,3,Không có,1,2024-04-20 17:00:00,NULL
4063,304,Phan Hữu Long,581272327,phanhuulong166@outlook.com,1,2,Không có,1,2024-02-19 17:00:00,NULL
4064,103,Hồ Quốc Cường,788080539,hoquoccuong852@outlook.com,1,2,Không có,1,2024-03-23 17:00:00,NULL
4065,323,Võ Hải Mai,529460134,vohaimai524@outlook.com,3,3,Không có,1,2024-07-16 17:00:00,NULL
4066,144,Hồ Quốc Trang,942317682,hoquoctrang804@outlook.com,1,3,Không có,1,2024-01-12 17:00:00,NULL
4067,308,Đỗ Thị Lan,901170349,dothilan906@outlook.com,2,2,Không có,1,2024-10-27 17:00:00,NULL
4068,289,Hoàng Hải Hùng,754200826,hoanghaihung714@vku.udn.vn,1,1,Không có,1,2024-02-24 17:00:00,NULL
4069,278,Võ Thu Mai,429927269,vothumai254@yahoo.com,3,1,Không có,1,2024-08-16 17:00:00,NULL
4070,81,Võ Quốc Dũng,714124352,voquocdung639@outlook.com,1,0,Không có,1,2024-10-17 17:00:00,NULL
4071,68,Nguyễn Thu Hùng,847999764,nguyenthuhung117@yahoo.com,1,2,Không có,1,2024-01-09 17:00:00,NULL
4072,360,Đỗ Hải Mai,318514813,dohaimai96@hotmail.com,2,0,Không có,1,2024-09-20 17:00:00,NULL
4073,324,Hoàng Thu Long,979615069,hoangthulong635@hotmail.com,1,1,Không có,1,2024-12-22 17:00:00,NULL
4074,395,Võ Đức Mai,891916368,voducmai149@outlook.com,2,0,Không có,1,2024-04-04 17:00:00,NULL
4075,397,Hoàng Văn Hùng,620571903,hoangvanhung858@vku.udn.vn,1,3,Không có,1,2024-05-30 17:00:00,NULL
4076,336,Vũ Văn Dũng,751125671,vuvandung399@vku.udn.vn,1,2,Không có,1,2024-01-24 17:00:00,NULL
4077,59,Nguyễn Thị Hương,805744550,nguyenthihuong459@vku.udn.vn,2,1,Không có,1,2024-07-27 17:00:00,NULL
4078,323,Võ Hải Mai,529460134,vohaimai524@outlook.com,3,0,Không có,1,2024-03-09 17:00:00,NULL
4079,78,Lý Đức Trang,657877435,lyductrang806@outlook.com,2,0,Không có,1,2024-11-26 17:00:00,NULL
4080,268,Đặng Minh Nga,312327652,dangminhnga697@gmail.com,1,3,Không có,1,2024-03-15 17:00:00,NULL
4081,310,Lê Thanh Phong,742073642,lethanhphong822@yahoo.com,1,2,Không có,1,2024-09-17 17:00:00,NULL
4082,397,Hoàng Văn Hùng,620571903,hoangvanhung858@vku.udn.vn,1,3,Không có,1,2024-08-28 17:00:00,NULL
4083,22,Dương Hoàng Mai,546838605,duonghoangmai657@gmail.com,3,3,Không có,1,2024-02-07 17:00:00,NULL
4084,339,Phạm Minh Linh,821454127,phamminhlinh30@outlook.com,3,3,Không có,1,2024-01-15 17:00:00,NULL
4085,138,Hồ Đức Dũng,821670480,hoducdung266@vku.udn.vn,3,0,Không có,1,2024-12-21 17:00:00,NULL
4086,352,Nguyễn Quốc Hạnh,826350075,nguyenquochanh109@outlook.com,2,0,Không có,1,2024-12-27 17:00:00,NULL
4087,47,Võ Quốc Bình,352087018,voquocbinh474@hotmail.com,1,0,Không có,1,2024-02-28 17:00:00,NULL
4088,66,Hoàng Thị Dũng,712193809,hoangthidung793@yahoo.com,1,3,Không có,1,2024-05-17 17:00:00,NULL
4089,55,Trần Đức Dũng,332783807,tranducdung900@outlook.com,2,3,Không có,1,2024-11-09 17:00:00,NULL
4090,267,Ngô Quốc Trang,368212356,ngoquoctrang395@outlook.com,2,0,Không có,1,2024-01-08 17:00:00,NULL
4091,126,Lý Hải Hạnh,720932663,lyhaihanh430@hotmail.com,3,0,Không có,1,2024-08-29 17:00:00,NULL
4092,71,Hồ Hoàng Phong,384915635,hohoangphong340@yahoo.com,2,0,Không có,1,2024-06-10 17:00:00,NULL
4093,344,Võ Văn Nam,879196799,vovannam54@hotmail.com,3,2,Không có,1,2024-02-22 17:00:00,NULL
4094,369,Võ Thanh Cường,355165334,vothanhcuong259@outlook.com,3,1,Không có,1,2024-10-08 17:00:00,NULL
4095,366,Hoàng Đức Lan,492673892,hoangduclan310@gmail.com,2,0,Không có,1,2024-10-22 17:00:00,NULL
4096,305,Đặng Văn Bình,380792472,dangvanbinh968@yahoo.com,3,3,Không có,1,2024-10-18 17:00:00,NULL
4097,102,Phạm Quốc Phong,781913620,phamquocphong929@outlook.com,1,0,Không có,1,2024-04-26 17:00:00,NULL
4098,72,Ngô Đức Cường,566914879,ngoduccuong383@yahoo.com,1,3,Không có,1,2024-12-26 17:00:00,NULL
4099,286,Phạm Thị Mai,890907304,phamthimai101@gmail.com,1,0,Không có,1,2024-06-03 17:00:00,NULL
4100,40,Võ Hoàng Hạnh,548544283,vohoanghanh762@outlook.com,1,2,Không có,1,2024-09-29 17:00:00,NULL
4101,100,Hoàng Minh Hương,469870574,hoangminhhuong21@gmail.com,1,1,Không có,1,2024-01-20 17:00:00,NULL
4102,108,Bùi Văn Hùng,471222786,buivanhung245@gmail.com,3,1,Không có,1,2024-05-19 17:00:00,NULL
4103,126,Võ Văn Bình,708456955,vovanbinh775@hotmail.com,1,2,Không có,1,2024-07-26 17:00:00,NULL
4104,343,Võ Thanh Lan,707083673,vothanhlan285@outlook.com,1,0,Không có,1,2024-11-13 17:00:00,NULL
4105,332,Hoàng Đức Hạnh,984683755,hoangduchanh284@vku.udn.vn,3,0,Không có,1,2024-09-07 17:00:00,NULL
4106,129,Nguyễn Thanh Linh,780825680,nguyenthanhlinh603@yahoo.com,2,0,Không có,1,2024-07-19 17:00:00,NULL
4107,298,Lê Thanh Hương,373864104,lethanhhuong901@yahoo.com,1,0,Không có,1,2024-05-20 17:00:00,NULL
4108,303,Hoàng Văn Bình,981057736,hoangvanbinh434@hotmail.com,1,0,Không có,1,2024-01-24 17:00:00,NULL
4109,39,Lê Minh Mai,715499494,leminhmai922@outlook.com,3,0,Không có,1,2024-05-31 17:00:00,NULL
4110,285,Phạm Thu Mai,450519597,phamthumai433@yahoo.com,3,2,Không có,1,2024-09-26 17:00:00,NULL
4111,349,Đỗ Quốc Linh,512954978,doquoclinh78@vku.udn.vn,3,3,Không có,1,2024-03-26 17:00:00,NULL
4112,361,Hồ Đức Hùng,924440558,hoduchung378@outlook.com,2,0,Không có,1,2024-07-26 17:00:00,NULL
4113,8,Hoàng Thu Bình,471493967,hoangthubinh31@outlook.com,2,1,Không có,1,2024-04-05 17:00:00,NULL
4114,265,Hoàng Hoàng Linh,926563708,hoanghoanglinh409@hotmail.com,3,1,Không có,1,2024-05-13 17:00:00,NULL
4115,6,Lê Hải Anh,562115561,lehaianh410@hotmail.com,3,2,Không có,1,2024-01-08 17:00:00,NULL
4116,270,Lê Hải Anh,582811832,lehaianh996@vku.udn.vn,3,2,Không có,1,2024-03-23 17:00:00,NULL
4117,47,Phạm Hoàng Long,391506722,phamhoanglong982@vku.udn.vn,2,2,Không có,1,2024-01-06 17:00:00,NULL
4118,96,Ngô Thanh Hùng,501905669,ngothanhhung692@vku.udn.vn,2,0,Không có,1,2024-06-27 17:00:00,NULL
4119,38,Võ Minh Dũng,616162748,vominhdung54@yahoo.com,3,0,Không có,1,2024-07-11 17:00:00,NULL
4120,307,Hoàng Thanh Hương,342836793,hoangthanhhuong921@hotmail.com,2,2,Không có,1,2024-01-01 17:00:00,NULL
4121,298,Lê Thanh Hương,373864104,lethanhhuong901@yahoo.com,2,2,Không có,1,2024-01-08 17:00:00,NULL
4122,106,Trần Hải Hùng,720437653,tranhaihung896@hotmail.com,2,2,Không có,1,2024-11-14 17:00:00,NULL
4123,258,Ngô Minh Bình,549957310,ngominhbinh888@gmail.com,3,0,Không có,1,2024-09-23 17:00:00,NULL
4124,320,Hồ Minh Nga,436674237,hominhnga197@outlook.com,3,0,Không có,1,2024-09-27 17:00:00,NULL
4125,67,Phạm Hoàng Mai,798030015,phamhoangmai403@vku.udn.vn,3,3,Không có,1,2024-04-19 17:00:00,NULL
4126,349,Đỗ Quốc Linh,512954978,doquoclinh78@vku.udn.vn,1,0,Không có,1,2024-10-23 17:00:00,NULL
4127,32,Bùi Quốc Trang,815835431,buiquoctrang985@outlook.com,1,1,Không có,1,2024-01-17 17:00:00,NULL
4128,361,Hồ Đức Hùng,924440558,hoduchung378@outlook.com,1,0,Không có,1,2024-07-12 17:00:00,NULL
4129,359,Trần Đức Nam,736398872,tranducnam501@vku.udn.vn,2,1,Không có,1,2024-08-07 17:00:00,NULL
4130,342,Lê Hải Cường,353992714,lehaicuong267@outlook.com,2,0,Không có,1,2024-12-10 17:00:00,NULL
4131,272,Lê Thanh Phong,473461957,lethanhphong553@vku.udn.vn,1,0,Không có,1,2024-08-27 17:00:00,NULL
4132,29,Lê Văn Bình,526434751,levanbinh520@gmail.com,2,0,Không có,1,2024-11-26 17:00:00,NULL
4133,344,Võ Văn Nam,879196799,vovannam54@hotmail.com,1,0,Không có,1,2024-11-07 17:00:00,NULL
4134,123,Vũ Quốc Lan,541221151,vuquoclan559@gmail.com,2,1,Không có,1,2024-07-21 17:00:00,NULL
4135,88,Nguyễn Hoàng Hương,946694575,nguyenhoanghuong391@yahoo.com,3,0,Không có,1,2024-12-15 17:00:00,NULL
4136,351,Phan Thu Linh,697897455,phanthulinh71@vku.udn.vn,3,1,Không có,1,2024-12-20 17:00:00,NULL
4137,257,Lý Thanh Trang,506468299,lythanhtrang722@gmail.com,2,1,Không có,1,2024-04-15 17:00:00,NULL
4138,294,Bùi Văn Trang,388029013,buivantrang430@vku.udn.vn,2,0,Không có,1,2024-07-14 17:00:00,NULL
4139,360,Đỗ Hải Mai,318514813,dohaimai96@hotmail.com,3,2,Không có,1,2024-12-12 17:00:00,NULL
4140,305,Đặng Văn Bình,380792472,dangvanbinh968@yahoo.com,3,0,Không có,1,2024-01-05 17:00:00,NULL
4141,354,Bùi Thu Phong,819151495,buithuphong477@outlook.com,1,0,Không có,1,2024-06-19 17:00:00,NULL
4142,98,Lý Thị Hạnh,975973132,lythihanh354@vku.udn.vn,1,3,Không có,1,2024-05-09 17:00:00,NULL
4143,68,Đặng Đức Nam,480407117,dangducnam961@vku.udn.vn,2,0,Không có,1,2024-12-23 17:00:00,NULL
4144,296,Đỗ Minh Mai,639492674,dominhmai952@gmail.com,3,0,Không có,1,2024-09-25 17:00:00,NULL
4145,79,Phan Hải Anh,814835476,phanhaianh505@yahoo.com,3,3,Không có,1,2024-08-24 17:00:00,NULL
4146,38,Võ Thị Linh,494231430,vothilinh934@outlook.com,2,0,Không có,1,2024-09-01 17:00:00,NULL
4147,11,Dương Hoàng Dũng,371391691,duonghoangdung549@hotmail.com,2,0,Không có,1,2024-04-04 17:00:00,NULL
4148,38,Bùi Thu Nga,868150512,buithunga484@yahoo.com,2,1,Không có,1,2024-01-27 17:00:00,NULL
4149,23,Hồ Hải Hạnh,962092136,hohaihanh691@outlook.com,2,0,Không có,1,2024-12-08 17:00:00,NULL
4150,79,Dương Hải Long,568720284,duonghailong665@hotmail.com,3,3,Không có,1,2024-09-24 17:00:00,NULL
4151,274,Nguyễn Đức Hương,909194872,nguyenduchuong970@gmail.com,2,3,Không có,1,2024-12-08 17:00:00,NULL
4152,55,Hoàng Quốc Nam,781644335,hoangquocnam12@vku.udn.vn,3,0,Không có,1,2024-05-19 17:00:00,NULL
4153,123,Võ Thu Bình,312409655,vothubinh828@gmail.com,3,0,Không có,1,2024-08-09 17:00:00,NULL
4154,80,Vũ Thu Nam,378679008,vuthunam91@hotmail.com,2,0,Không có,1,2024-05-09 17:00:00,NULL
4155,277,Lý Thu Phong,515984311,lythuphong731@hotmail.com,3,0,Không có,1,2024-05-01 17:00:00,NULL
4156,312,Dương Hải Lan,627696198,duonghailan841@yahoo.com,3,2,Không có,1,2024-07-13 17:00:00,NULL
4157,85,Lý Minh Dũng,496921803,lyminhdung137@yahoo.com,2,1,Không có,1,2024-02-27 17:00:00,NULL
4158,285,Phạm Thu Mai,450519597,phamthumai433@yahoo.com,2,0,Không có,1,2024-12-01 17:00:00,NULL
4159,357,Lê Hải Dũng,680990401,lehaidung817@hotmail.com,2,0,Không có,1,2024-03-12 17:00:00,NULL
4160,368,Đỗ Hải Bình,313169872,dohaibinh588@hotmail.com,3,2,Không có,1,2024-03-22 17:00:00,NULL
4161,393,Nguyễn Thu Linh,400082623,nguyenthulinh231@gmail.com,2,0,Không có,1,2024-03-24 17:00:00,NULL
4162,38,Nguyễn Thanh Nam,849825530,nguyenthanhnam934@gmail.com,2,0,Không có,1,2024-12-11 17:00:00,NULL
4163,338,Dương Quốc Nga,886405096,duongquocnga820@vku.udn.vn,2,1,Không có,1,2024-04-02 17:00:00,NULL
4164,5,Dương Thu Cường,916250257,duongthucuong981@vku.udn.vn,1,0,Không có,1,2024-09-10 17:00:00,NULL
4165,17,Võ Hoàng Linh,657369363,vohoanglinh684@gmail.com,2,0,Không có,1,2024-08-19 17:00:00,NULL
4166,108,Trần Quốc Long,552939786,tranquoclong415@yahoo.com,2,3,Không có,1,2024-01-05 17:00:00,NULL
4167,250,Đỗ Thị Anh,595310485,dothianh251@yahoo.com,2,3,Không có,1,2024-03-08 17:00:00,NULL
4168,333,Hoàng Hải Bình,606798268,hoanghaibinh241@hotmail.com,1,0,Không có,1,2024-11-22 17:00:00,NULL
4169,123,Ngô Quốc Linh,956397877,ngoquoclinh37@gmail.com,2,0,Không có,1,2024-05-13 17:00:00,NULL
4170,398,Dương Hữu Mai,878296492,duonghuumai496@hotmail.com,1,0,Không có,1,2024-07-12 17:00:00,NULL
4171,274,Nguyễn Đức Hương,909194872,nguyenduchuong970@gmail.com,3,3,Không có,1,2024-10-14 17:00:00,NULL
4172,291,Nguyễn Thanh Anh,353839920,nguyenthanhanh599@outlook.com,1,2,Không có,1,2024-05-28 17:00:00,NULL
4173,16,Nguyễn Thị Cường,792861205,nguyenthicuong764@gmail.com,1,0,Không có,1,2024-01-13 17:00:00,NULL
4174,24,Đỗ Thanh Mai,809634575,dothanhmai467@vku.udn.vn,1,0,Không có,1,2024-04-04 17:00:00,NULL
4175,357,Lê Hải Dũng,680990401,lehaidung817@hotmail.com,2,0,Không có,1,2024-12-14 17:00:00,NULL
4176,130,Đặng Thu Hùng,334981645,dangthuhung572@outlook.com,2,0,Không có,1,2024-10-06 17:00:00,NULL
4177,27,Phan Văn Long,947527544,phanvanlong329@yahoo.com,2,0,Không có,1,2024-08-06 17:00:00,NULL
4178,30,Đỗ Hải Long,596278691,dohailong55@gmail.com,1,2,Không có,1,2024-06-05 17:00:00,NULL
4179,256,Đặng Thị Hương,706448196,dangthihuong81@vku.udn.vn,1,1,Không có,1,2024-06-25 17:00:00,NULL
4180,100,Bùi Đức Bình,379896197,buiducbinh715@yahoo.com,3,0,Không có,1,2024-04-07 17:00:00,NULL
4181,383,Nguyễn Thị Dũng,917615339,nguyenthidung602@gmail.com,1,3,Không có,1,2024-10-12 17:00:00,NULL
4182,105,Ngô Minh Trang,416052044,ngominhtrang765@gmail.com,2,0,Không có,1,2024-04-24 17:00:00,NULL
4183,347,Võ Minh Phong,696098177,vominhphong172@vku.udn.vn,3,2,Không có,1,2024-10-29 17:00:00,NULL
4184,9,Phạm Hữu Hạnh,474370826,phamhuuhanh231@gmail.com,1,0,Không có,1,2024-09-22 17:00:00,NULL
4185,377,Hoàng Minh Nam,787512424,hoangminhnam73@yahoo.com,2,0,Không có,1,2024-04-26 17:00:00,NULL
4186,257,Lý Thanh Trang,506468299,lythanhtrang722@gmail.com,2,3,Không có,1,2024-05-30 17:00:00,NULL
4187,48,Lý Thanh Long,577726931,lythanhlong604@outlook.com,3,2,Không có,1,2024-11-24 17:00:00,NULL
4188,74,Phan Đức Mai,740327262,phanducmai180@hotmail.com,2,1,Không có,1,2024-04-18 17:00:00,NULL
4189,33,Vũ Văn Linh,442646870,vuvanlinh985@outlook.com,2,3,Không có,1,2024-01-11 17:00:00,NULL
4190,149,Đỗ Minh Hạnh,904863372,dominhhanh485@vku.udn.vn,3,0,Không có,1,2024-09-04 17:00:00,NULL
4191,59,Hồ Thu Nam,784709685,hothunam832@yahoo.com,3,0,Không có,1,2024-10-27 17:00:00,NULL
4192,103,Võ Văn Hùng,973223773,vovanhung630@outlook.com,3,0,Không có,1,2024-09-19 17:00:00,NULL
4193,393,Nguyễn Thu Linh,400082623,nguyenthulinh231@gmail.com,3,0,Không có,1,2024-07-08 17:00:00,NULL
4194,375,Hoàng Thị Cường,557553274,hoangthicuong178@vku.udn.vn,1,0,Không có,1,2024-10-13 17:00:00,NULL
4195,54,Võ Văn Dũng,731782167,vovandung82@outlook.com,3,3,Không có,1,2024-03-28 17:00:00,NULL
4196,99,Võ Minh Nam,701685862,vominhnam352@hotmail.com,3,0,Không có,1,2024-02-09 17:00:00,NULL
4197,329,Võ Văn Nga,567574609,vovannga940@gmail.com,2,1,Không có,1,2024-02-03 17:00:00,NULL
4198,50,Dương Thị Hùng,471952245,duongthihung961@outlook.com,1,3,Không có,1,2024-03-18 17:00:00,NULL
4199,251,Đỗ Thu Bình,934036506,dothubinh433@gmail.com,3,3,Không có,1,2024-05-16 17:00:00,NULL
4200,9,Bùi Thu Phong,653413235,buithuphong606@outlook.com,3,2,Không có,1,2024-11-10 17:00:00,NULL
4201,368,Đỗ Hải Bình,313169872,dohaibinh588@hotmail.com,2,0,Không có,1,2024-08-03 17:00:00,NULL
4202,376,Nguyễn Quốc Mai,937599912,nguyenquocmai482@hotmail.com,3,0,Không có,1,2024-01-11 17:00:00,NULL
4203,33,Trần Thu Nga,386413609,tranthunga657@gmail.com,2,3,Không có,1,2024-12-06 17:00:00,NULL
4204,353,Hồ Hữu Linh,489125618,hohuulinh752@vku.udn.vn,2,1,Không có,1,2024-09-17 17:00:00,NULL
4205,294,Bùi Văn Trang,388029013,buivantrang430@vku.udn.vn,1,3,Không có,1,2024-10-18 17:00:00,NULL
4206,300,Nguyễn Thu Hùng,411225158,nguyenthuhung962@yahoo.com,1,0,Không có,1,2024-08-23 17:00:00,NULL
4207,34,Dương Văn Hùng,725339051,duongvanhung3@vku.udn.vn,3,0,Không có,1,2024-01-22 17:00:00,NULL
4208,393,Nguyễn Thu Linh,400082623,nguyenthulinh231@gmail.com,1,3,Không có,1,2024-03-26 17:00:00,NULL
4209,357,Lê Hải Dũng,680990401,lehaidung817@hotmail.com,3,2,Không có,1,2024-08-28 17:00:00,NULL
4210,329,Võ Văn Nga,567574609,vovannga940@gmail.com,2,0,Không có,1,2024-03-16 17:00:00,NULL
4211,334,Lý Thu Bình,448578017,lythubinh155@yahoo.com,3,1,Không có,1,2024-08-16 17:00:00,NULL
4212,391,Đặng Hữu Hương,609268943,danghuuhuong449@outlook.com,3,0,Không có,1,2024-01-19 17:00:00,NULL
4213,148,Lý Đức Linh,337822040,lyduclinh484@hotmail.com,1,2,Không có,1,2024-11-12 17:00:00,NULL
4214,366,Hoàng Đức Lan,492673892,hoangduclan310@gmail.com,2,2,Không có,1,2024-04-30 17:00:00,NULL
4215,384,Bùi Văn Phong,488109614,buivanphong482@vku.udn.vn,3,1,Không có,1,2024-06-24 17:00:00,NULL
4216,362,Phan Quốc Nam,890975123,phanquocnam339@hotmail.com,1,0,Không có,1,2024-11-30 17:00:00,NULL
4217,307,Hoàng Thanh Hương,342836793,hoangthanhhuong921@hotmail.com,2,0,Không có,1,2024-06-03 17:00:00,NULL
4218,381,Hồ Quốc Hùng,837377910,hoquochung553@outlook.com,2,3,Không có,1,2024-02-12 17:00:00,NULL
4219,54,Vũ Hữu Bình,591248545,vuhuubinh386@vku.udn.vn,2,0,Không có,1,2024-03-31 17:00:00,NULL
4220,12,Hoàng Đức Cường,619006817,hoangduccuong600@hotmail.com,1,3,Không có,1,2024-02-03 17:00:00,NULL
4221,302,Phạm Thanh Dũng,981007818,phamthanhdung874@hotmail.com,2,3,Không có,1,2024-12-27 17:00:00,NULL
4222,75,Đỗ Hải Dũng,973181827,dohaidung289@yahoo.com,1,0,Không có,1,2024-05-26 17:00:00,NULL
4223,70,Lê Minh Mai,619243129,leminhmai59@outlook.com,3,3,Không có,1,2024-10-14 17:00:00,NULL
4224,28,Vũ Minh Linh,534297498,vuminhlinh939@outlook.com,3,1,Không có,1,2024-05-13 17:00:00,NULL
4225,43,Đỗ Hoàng Trang,965297422,dohoangtrang730@outlook.com,2,2,Không có,1,2024-01-22 17:00:00,NULL
4226,397,Hoàng Văn Hùng,620571903,hoangvanhung858@vku.udn.vn,2,0,Không có,1,2024-07-19 17:00:00,NULL
4227,85,Hồ Hữu Bình,402096826,hohuubinh314@outlook.com,1,0,Không có,1,2024-04-11 17:00:00,NULL
4228,148,Phan Thị Phong,924119210,phanthiphong300@outlook.com,1,0,Không có,1,2024-01-27 17:00:00,NULL
4229,398,Dương Hữu Mai,878296492,duonghuumai496@hotmail.com,2,0,Không có,1,2024-10-01 17:00:00,NULL
4230,272,Lê Thanh Phong,473461957,lethanhphong553@vku.udn.vn,1,0,Không có,1,2024-05-18 17:00:00,NULL
4231,79,Phan Hoàng Lan,695541282,phanhoanglan589@vku.udn.vn,3,0,Không có,1,2024-01-01 17:00:00,NULL
4232,140,Ngô Văn Bình,417225505,ngovanbinh559@gmail.com,3,1,Không có,1,2024-07-18 17:00:00,NULL
4233,3,Lý Minh Hùng,430048683,lyminhhung999@vku.udn.vn,2,2,Không có,1,2024-12-20 17:00:00,NULL
4234,35,Lê Thị Lan,576406839,lethilan214@vku.udn.vn,2,0,Không có,1,2024-07-12 17:00:00,NULL
4235,306,Dương Thanh Trang,893269304,duongthanhtrang152@outlook.com,2,0,Không có,1,2024-12-05 17:00:00,NULL
4236,296,Đỗ Minh Mai,639492674,dominhmai952@gmail.com,3,0,Không có,1,2024-05-11 17:00:00,NULL
4237,70,Lý Văn Anh,853750067,lyvananh492@hotmail.com,1,0,Không có,1,2024-05-10 17:00:00,NULL
4238,99,Trần Thu Anh,781421353,tranthuanh690@gmail.com,3,0,Không có,1,2024-08-06 17:00:00,NULL
4239,136,Ngô Thu Mai,663003218,ngothumai625@gmail.com,1,1,Không có,1,2024-10-11 17:00:00,NULL
4240,108,Ngô Đức Linh,774572592,ngoduclinh437@outlook.com,1,0,Không có,1,2024-03-05 17:00:00,NULL
4241,260,Hồ Thị Trang,981802744,hothitrang176@vku.udn.vn,3,0,Không có,1,2024-04-01 17:00:00,NULL
4242,394,Đỗ Hữu Mai,613383963,dohuumai522@hotmail.com,2,0,Không có,1,2024-09-18 17:00:00,NULL
4243,298,Lê Thanh Hương,373864104,lethanhhuong901@yahoo.com,2,2,Không có,1,2024-05-23 17:00:00,NULL
4244,367,Lê Minh Anh,358546865,leminhanh567@hotmail.com,1,2,Không có,1,2024-12-06 17:00:00,NULL
4245,78,Phan Minh Phong,315952271,phanminhphong369@outlook.com,1,3,Không có,1,2024-10-25 17:00:00,NULL
4246,65,Trần Hữu Trang,616581297,tranhuutrang657@outlook.com,2,0,Không có,1,2024-10-24 17:00:00,NULL
4247,65,Đặng Thu Hùng,346568274,dangthuhung884@hotmail.com,3,0,Không có,1,2024-05-31 17:00:00,NULL
4248,331,Bùi Thu Linh,888273030,buithulinh457@yahoo.com,3,2,Không có,1,2024-02-14 17:00:00,NULL
4249,137,Lý Thu Hạnh,907112573,lythuhanh949@vku.udn.vn,2,0,Không có,1,2024-05-14 17:00:00,NULL
4250,66,Ngô Thị Long,689525094,ngothilong705@yahoo.com,1,1,Không có,1,2024-06-03 17:00:00,NULL
4251,97,Bùi Thanh Bình,980741648,buithanhbinh638@outlook.com,1,3,Không có,1,2024-04-21 17:00:00,NULL
4252,35,Ngô Văn Cường,892021985,ngovancuong374@vku.udn.vn,2,0,Không có,1,2024-03-20 17:00:00,NULL
4253,360,Đỗ Hải Mai,318514813,dohaimai96@hotmail.com,3,3,Không có,1,2024-11-02 17:00:00,NULL
4254,4,Bùi Thanh Long,721963808,buithanhlong851@gmail.com,2,0,Không có,1,2024-06-30 17:00:00,NULL
4255,354,Bùi Thu Phong,819151495,buithuphong477@outlook.com,2,3,Không có,1,2024-07-19 17:00:00,NULL
4256,273,Phan Hải Anh,420117054,phanhaianh952@hotmail.com,3,0,Không có,1,2024-10-05 17:00:00,NULL
4257,331,Bùi Thu Linh,888273030,buithulinh457@yahoo.com,2,2,Không có,1,2024-01-29 17:00:00,NULL
4258,333,Hoàng Hải Bình,606798268,hoanghaibinh241@hotmail.com,2,0,Không có,1,2024-08-31 17:00:00,NULL
4259,13,Đỗ Hữu Long,609112621,dohuulong329@yahoo.com,2,0,Không có,1,2024-12-03 17:00:00,NULL
4260,327,Phạm Quốc Mai,729123992,phamquocmai250@yahoo.com,3,0,Không có,1,2024-02-27 17:00:00,NULL
4261,282,Bùi Hải Dũng,807850824,buihaidung827@outlook.com,1,0,Không có,1,2024-11-20 17:00:00,NULL
4262,299,Lê Hải Hạnh,883275843,lehaihanh721@hotmail.com,2,0,Không có,1,2024-01-05 17:00:00,NULL
4263,284,Nguyễn Quốc Nam,664323393,nguyenquocnam820@gmail.com,2,2,Không có,1,2024-01-11 17:00:00,NULL
4264,324,Hoàng Thu Long,979615069,hoangthulong635@hotmail.com,2,2,Không có,1,2024-05-27 17:00:00,NULL
4265,292,Lê Văn Nga,386019028,levannga872@yahoo.com,3,2,Không có,1,2024-11-20 17:00:00,NULL
4266,268,Đặng Minh Nga,312327652,dangminhnga697@gmail.com,1,2,Không có,1,2024-06-14 17:00:00,NULL
4267,392,Đỗ Hoàng Phong,556943695,dohoangphong727@yahoo.com,3,3,Không có,1,2024-05-10 17:00:00,NULL
4268,122,Đặng Quốc Anh,381879522,dangquocanh860@gmail.com,3,0,Không có,1,2024-11-30 17:00:00,NULL
4269,37,Trần Văn Hùng,846152175,tranvanhung471@gmail.com,3,3,Không có,1,2024-12-20 17:00:00,NULL
4270,343,Võ Thanh Lan,707083673,vothanhlan285@outlook.com,2,0,Không có,1,2024-02-07 17:00:00,NULL
4271,371,Ngô Hoàng Hùng,391462297,ngohoanghung255@gmail.com,1,2,Không có,1,2024-06-01 17:00:00,NULL
4272,365,Hồ Hoàng Phong,863324548,hohoangphong612@hotmail.com,1,0,Không có,1,2024-05-31 17:00:00,NULL
4273,250,Đỗ Thị Anh,595310485,dothianh251@yahoo.com,1,1,Không có,1,2024-09-08 17:00:00,NULL
4274,334,Lý Thu Bình,448578017,lythubinh155@yahoo.com,3,0,Không có,1,2024-03-27 17:00:00,NULL
4275,381,Hồ Quốc Hùng,837377910,hoquochung553@outlook.com,2,1,Không có,1,2024-11-15 17:00:00,NULL
4276,345,Ngô Văn Phong,333318206,ngovanphong973@yahoo.com,2,3,Không có,1,2024-02-22 17:00:00,NULL
4277,377,Hoàng Minh Nam,787512424,hoangminhnam73@yahoo.com,2,3,Không có,1,2024-07-06 17:00:00,NULL
4278,18,Phan Hải Bình,732774949,phanhaibinh160@gmail.com,3,1,Không có,1,2024-04-18 17:00:00,NULL
4279,391,Đặng Hữu Hương,609268943,danghuuhuong449@outlook.com,2,0,Không có,1,2024-07-21 17:00:00,NULL
4280,362,Phan Quốc Nam,890975123,phanquocnam339@hotmail.com,2,0,Không có,1,2024-12-08 17:00:00,NULL
4281,315,Lê Hoàng Hùng,341078352,lehoanghung112@vku.udn.vn,1,0,Không có,1,2024-12-15 17:00:00,NULL
4282,51,Hoàng Hữu Bình,757077183,hoanghuubinh136@gmail.com,3,1,Không có,1,2024-04-22 17:00:00,NULL
4283,70,Lê Văn Mai,319139722,levanmai338@yahoo.com,3,3,Không có,1,2024-01-26 17:00:00,NULL
4284,264,Vũ Hải Cường,584412919,vuhaicuong143@yahoo.com,2,2,Không có,1,2024-02-14 17:00:00,NULL
4285,89,Nguyễn Hoàng Linh,809562757,nguyenhoanglinh518@yahoo.com,1,0,Không có,1,2024-03-12 17:00:00,NULL
4286,43,Nguyễn Văn Hùng,712240359,nguyenvanhung697@yahoo.com,1,0,Không có,1,2024-10-09 17:00:00,NULL
4287,303,Hoàng Văn Bình,981057736,hoangvanbinh434@hotmail.com,1,0,Không có,1,2024-01-03 17:00:00,NULL
4288,296,Đỗ Minh Mai,639492674,dominhmai952@gmail.com,1,2,Không có,1,2024-08-09 17:00:00,NULL
4289,322,Hoàng Minh Dũng,761588882,hoangminhdung805@vku.udn.vn,1,0,Không có,1,2024-01-08 17:00:00,NULL
4290,41,Hoàng Thị Lan,371686247,hoangthilan835@yahoo.com,1,0,Không có,1,2024-03-25 17:00:00,NULL
4291,335,Hồ Đức Bình,745461013,hoducbinh418@hotmail.com,2,0,Không có,1,2024-04-29 17:00:00,NULL
4292,14,Hồ Văn Dũng,581523757,hovandung508@outlook.com,3,0,Không có,1,2024-03-10 17:00:00,NULL
4293,43,Phan Minh Hạnh,434506175,phanminhhanh637@hotmail.com,1,2,Không có,1,2024-06-11 17:00:00,NULL
4294,58,Trần Thị Long,828975853,tranthilong672@yahoo.com,1,0,Không có,1,2024-01-05 17:00:00,NULL
4295,30,Dương Thị Bình,929009885,duongthibinh107@vku.udn.vn,1,2,Không có,1,2024-07-07 17:00:00,NULL
4296,108,Lê Văn Hạnh,464552606,levanhanh777@vku.udn.vn,3,2,Không có,1,2024-09-20 17:00:00,NULL
4297,368,Đỗ Hải Bình,313169872,dohaibinh588@hotmail.com,3,2,Không có,1,2024-09-14 17:00:00,NULL
4298,142,Nguyễn Hữu Trang,700121466,nguyenhuutrang42@outlook.com,2,0,Không có,1,2024-05-18 17:00:00,NULL
4299,385,Lý Minh Cường,928492896,lyminhcuong447@outlook.com,2,2,Không có,1,2024-07-16 17:00:00,NULL
4300,91,Lý Hải Lan,705661947,lyhailan853@vku.udn.vn,2,0,Không có,1,2024-06-24 17:00:00,NULL
4301,33,Hoàng Văn Cường,987691271,hoangvancuong171@yahoo.com,2,2,Không có,1,2024-03-02 17:00:00,NULL
4302,316,Hồ Thanh Linh,950911797,hothanhlinh524@gmail.com,3,3,Không có,1,2024-06-28 17:00:00,NULL
4303,257,Lý Thanh Trang,506468299,lythanhtrang722@gmail.com,3,0,Không có,1,2024-05-17 17:00:00,NULL
4304,9,Võ Hải Hùng,569285692,vohaihung434@outlook.com,1,0,Không có,1,2024-11-26 17:00:00,NULL
4305,255,Vũ Thị Lan,669319644,vuthilan619@hotmail.com,1,0,Không có,1,2024-06-20 17:00:00,NULL
4306,119,Đặng Thanh Dũng,321741247,dangthanhdung763@hotmail.com,1,1,Không có,1,2024-12-23 17:00:00,NULL
4307,27,Nguyễn Hải Nam,973192033,nguyenhainam980@vku.udn.vn,2,1,Không có,1,2024-03-17 17:00:00,NULL
4308,345,Ngô Văn Phong,333318206,ngovanphong973@yahoo.com,3,3,Không có,1,2024-03-12 17:00:00,NULL
4309,119,Trần Thu Hương,435659287,tranthuhuong77@vku.udn.vn,2,0,Không có,1,2024-05-23 17:00:00,NULL
4310,378,Đỗ Đức Linh,423240112,doduclinh558@yahoo.com,1,0,Không có,1,2024-12-22 17:00:00,NULL
4311,331,Bùi Thu Linh,888273030,buithulinh457@yahoo.com,1,1,Không có,1,2024-11-21 17:00:00,NULL
4312,336,Vũ Văn Dũng,751125671,vuvandung399@vku.udn.vn,3,0,Không có,1,2024-05-05 17:00:00,NULL
4313,141,Phan Hoàng Phong,727868374,phanhoangphong904@gmail.com,1,0,Không có,1,2024-02-11 17:00:00,NULL
4314,359,Trần Đức Nam,736398872,tranducnam501@vku.udn.vn,3,0,Không có,1,2024-03-16 17:00:00,NULL
4315,5,Lý Thu Long,717268371,lythulong960@yahoo.com,3,3,Không có,1,2024-12-02 17:00:00,NULL
4316,376,Nguyễn Quốc Mai,937599912,nguyenquocmai482@hotmail.com,2,0,Không có,1,2024-12-23 17:00:00,NULL
4317,146,Ngô Quốc Mai,645122905,ngoquocmai293@hotmail.com,2,3,Không có,1,2024-11-07 17:00:00,NULL
4318,271,Lý Thị Hạnh,971410971,lythihanh306@vku.udn.vn,3,0,Không có,1,2024-08-25 17:00:00,NULL
4319,117,Đỗ Thu Long,431799342,dothulong527@gmail.com,1,3,Không có,1,2024-05-30 17:00:00,NULL
4320,385,Lý Minh Cường,928492896,lyminhcuong447@outlook.com,3,1,Không có,1,2024-06-10 17:00:00,NULL
4321,395,Võ Đức Mai,891916368,voducmai149@outlook.com,2,3,Không có,1,2024-07-14 17:00:00,NULL
4322,21,Bùi Quốc Hùng,547818753,buiquochung152@vku.udn.vn,3,0,Không có,1,2024-04-06 17:00:00,NULL
4323,270,Lê Hải Anh,582811832,lehaianh996@vku.udn.vn,2,0,Không có,1,2024-03-29 17:00:00,NULL
4324,65,Hoàng Thị Trang,573421363,hoangthitrang193@outlook.com,1,1,Không có,1,2023-12-31 17:00:00,NULL
4325,250,Đỗ Thị Anh,595310485,dothianh251@yahoo.com,1,0,Không có,1,2024-10-21 17:00:00,NULL
4326,83,Phạm Thanh Anh,407239448,phamthanhanh177@yahoo.com,3,0,Không có,1,2024-10-02 17:00:00,NULL
4327,46,Nguyễn Thanh Trang,988835612,nguyenthanhtrang491@vku.udn.vn,2,3,Không có,1,2024-11-02 17:00:00,NULL
4328,94,Bùi Hoàng Mai,876949386,buihoangmai967@vku.udn.vn,1,1,Không có,1,2024-11-20 17:00:00,NULL
4329,331,Bùi Thu Linh,888273030,buithulinh457@yahoo.com,3,0,Không có,1,2024-06-02 17:00:00,NULL
4330,93,Đỗ Hữu Anh,706663650,dohuuanh762@hotmail.com,2,1,Không có,1,2024-03-14 17:00:00,NULL
4331,75,Lê Thanh Phong,996449950,lethanhphong207@yahoo.com,3,0,Không có,1,2024-12-26 17:00:00,NULL
4332,261,Võ Quốc Hùng,987194506,voquochung705@vku.udn.vn,1,2,Không có,1,2024-01-08 17:00:00,NULL
4333,96,Lê Quốc Phong,718944016,lequocphong95@outlook.com,3,3,Không có,1,2024-12-20 17:00:00,NULL
4334,61,Phan Quốc Hùng,403174818,phanquochung628@outlook.com,2,0,Không có,1,2024-12-26 17:00:00,NULL
4335,255,Vũ Thị Lan,669319644,vuthilan619@hotmail.com,1,2,Không có,1,2024-09-14 17:00:00,NULL
4336,277,Lý Thu Phong,515984311,lythuphong731@hotmail.com,1,0,Không có,1,2024-06-21 17:00:00,NULL
4337,285,Phạm Thu Mai,450519597,phamthumai433@yahoo.com,3,3,Không có,1,2024-12-22 17:00:00,NULL
4338,110,Phạm Hữu Trang,659761864,phamhuutrang651@vku.udn.vn,3,2,Không có,1,2024-10-24 17:00:00,NULL
4339,338,Dương Quốc Nga,886405096,duongquocnga820@vku.udn.vn,1,2,Không có,1,2024-04-21 17:00:00,NULL
4340,258,Ngô Minh Bình,549957310,ngominhbinh888@gmail.com,3,0,Không có,1,2024-02-03 17:00:00,NULL
4341,56,Lý Quốc Lan,718967646,lyquoclan849@hotmail.com,1,3,Không có,1,2024-07-13 17:00:00,NULL
4342,321,Đỗ Hữu Trang,911072118,dohuutrang309@outlook.com,2,1,Không có,1,2024-12-12 17:00:00,NULL
4343,254,Phan Minh Cường,531191390,phanminhcuong981@hotmail.com,3,1,Không có,1,2024-07-24 17:00:00,NULL
4344,54,Hoàng Văn Linh,711073579,hoangvanlinh218@yahoo.com,2,0,Không có,1,2024-07-31 17:00:00,NULL
4345,118,Lý Thanh Bình,499321532,lythanhbinh353@outlook.com,3,2,Không có,1,2024-04-25 17:00:00,NULL
4346,251,Đỗ Thu Bình,934036506,dothubinh433@gmail.com,2,1,Không có,1,2024-07-30 17:00:00,NULL
4347,299,Lê Hải Hạnh,883275843,lehaihanh721@hotmail.com,3,3,Không có,1,2024-01-18 17:00:00,NULL
4348,379,Lý Minh Hạnh,452725050,lyminhhanh74@gmail.com,2,0,Không có,1,2024-07-13 17:00:00,NULL
4349,69,Võ Đức Linh,767340567,voduclinh397@hotmail.com,2,1,Không có,1,2024-03-13 17:00:00,NULL
4350,121,Vũ Thanh Nam,380723550,vuthanhnam457@outlook.com,2,1,Không có,1,2024-09-06 17:00:00,NULL
4351,17,Lê Minh Nam,393783758,leminhnam269@vku.udn.vn,2,1,Không có,1,2024-04-09 17:00:00,NULL
4352,347,Võ Minh Phong,696098177,vominhphong172@vku.udn.vn,3,0,Không có,1,2024-09-21 17:00:00,NULL
4353,350,Trần Minh Hạnh,944687060,tranminhhanh825@gmail.com,3,1,Không có,1,2024-09-28 17:00:00,NULL
4354,309,Lý Đức Hạnh,474484941,lyduchanh820@yahoo.com,3,2,Không có,1,2024-10-18 17:00:00,NULL
4355,17,Ngô Văn Linh,605045762,ngovanlinh206@hotmail.com,3,0,Không có,1,2024-02-19 17:00:00,NULL
4356,366,Hoàng Đức Lan,492673892,hoangduclan310@gmail.com,1,0,Không có,1,2024-05-13 17:00:00,NULL
4357,75,Lý Hoàng Anh,517159356,lyhoanganh351@outlook.com,3,0,Không có,1,2024-12-07 17:00:00,NULL
4358,283,Trần Quốc Lan,754814084,tranquoclan421@outlook.com,1,0,Không có,1,2024-07-06 17:00:00,NULL
4359,338,Dương Quốc Nga,886405096,duongquocnga820@vku.udn.vn,1,3,Không có,1,2024-07-20 17:00:00,NULL
4360,33,Bùi Hữu Dũng,734991635,buihuudung745@hotmail.com,1,0,Không có,1,2024-05-17 17:00:00,NULL
4361,125,Hoàng Hoàng Cường,535365861,hoanghoangcuong840@gmail.com,3,2,Không có,1,2024-08-15 17:00:00,NULL
4362,320,Hồ Minh Nga,436674237,hominhnga197@outlook.com,2,0,Không có,1,2024-03-08 17:00:00,NULL
4363,270,Lê Hải Anh,582811832,lehaianh996@vku.udn.vn,1,2,Không có,1,2024-07-21 17:00:00,NULL
4364,355,Phan Đức Hạnh,393053577,phanduchanh286@outlook.com,2,3,Không có,1,2024-11-27 17:00:00,NULL
4365,44,Phạm Quốc Mai,840890118,phamquocmai164@outlook.com,2,1,Không có,1,2024-12-15 17:00:00,NULL
4366,120,Lê Văn Linh,955186521,levanlinh150@vku.udn.vn,2,3,Không có,1,2024-10-30 17:00:00,NULL
4367,388,Trần Thanh Hùng,647112584,tranthanhhung119@outlook.com,3,1,Không có,1,2024-02-02 17:00:00,NULL
4368,109,Dương Minh Dũng,318103600,duongminhdung520@hotmail.com,3,2,Không có,1,2024-01-07 17:00:00,NULL
4369,293,Trần Đức Linh,428727266,tranduclinh965@vku.udn.vn,3,2,Không có,1,2024-06-20 17:00:00,NULL
4370,122,Bùi Thu Dũng,859458902,buithudung7@gmail.com,2,0,Không có,1,2024-12-16 17:00:00,NULL
4371,115,Lê Hải Anh,557344383,lehaianh605@vku.udn.vn,3,1,Không có,1,2024-08-18 17:00:00,NULL
4372,7,Đặng Văn Hùng,999998033,dangvanhung800@outlook.com,3,2,Không có,1,2024-05-07 17:00:00,NULL
4373,70,Phan Hoàng Cường,915345552,phanhoangcuong100@vku.udn.vn,1,0,Không có,1,2024-10-23 17:00:00,NULL
4374,36,Lý Thu Long,427104896,lythulong464@hotmail.com,1,0,Không có,1,2024-06-13 17:00:00,NULL
4375,308,Đỗ Thị Lan,901170349,dothilan906@outlook.com,2,3,Không có,1,2024-03-31 17:00:00,NULL
4376,303,Hoàng Văn Bình,981057736,hoangvanbinh434@hotmail.com,2,2,Không có,1,2024-04-21 17:00:00,NULL
4377,322,Hoàng Minh Dũng,761588882,hoangminhdung805@vku.udn.vn,3,2,Không có,1,2024-05-14 17:00:00,NULL
4378,364,Hồ Thu Phong,498803134,hothuphong197@yahoo.com,3,2,Không có,1,2024-10-29 17:00:00,NULL
4379,363,Hoàng Minh Hùng,547538338,hoangminhhung124@yahoo.com,2,2,Không có,1,2024-03-17 17:00:00,NULL
4380,53,Trần Minh Long,774119367,tranminhlong929@outlook.com,2,0,Không có,1,2024-10-19 17:00:00,NULL
4381,299,Lê Hải Hạnh,883275843,lehaihanh721@hotmail.com,2,0,Không có,1,2024-09-24 17:00:00,NULL
4382,50,Dương Hữu Linh,850662237,duonghuulinh657@gmail.com,1,0,Không có,1,2024-10-11 17:00:00,NULL
4383,294,Bùi Văn Trang,388029013,buivantrang430@vku.udn.vn,3,0,Không có,1,2024-03-21 17:00:00,NULL
4384,389,Đỗ Thu Mai,743721204,dothumai56@yahoo.com,3,0,Không có,1,2024-11-25 17:00:00,NULL
4385,390,Bùi Hải Long,774637858,buihailong779@gmail.com,1,0,Không có,1,2024-08-26 17:00:00,NULL
4386,391,Đặng Hữu Hương,609268943,danghuuhuong449@outlook.com,2,0,Không có,1,2024-06-08 17:00:00,NULL
4387,80,Vũ Hữu Hạnh,340862629,vuhuuhanh625@yahoo.com,2,1,Không có,1,2024-06-28 17:00:00,NULL
4388,318,Phan Quốc Bình,654549587,phanquocbinh639@hotmail.com,3,0,Không có,1,2024-01-24 17:00:00,NULL
4389,350,Trần Minh Hạnh,944687060,tranminhhanh825@gmail.com,1,1,Không có,1,2024-12-23 17:00:00,NULL
4390,44,Đỗ Quốc Cường,520530622,doquoccuong242@vku.udn.vn,2,2,Không có,1,2024-09-14 17:00:00,NULL
4391,279,Nguyễn Hoàng Nga,547083812,nguyenhoangnga603@yahoo.com,3,0,Không có,1,2024-01-25 17:00:00,NULL
4392,102,Ngô Hải Long,533253665,ngohailong301@yahoo.com,2,2,Không có,1,2024-06-02 17:00:00,NULL
4393,301,Lý Thị Nam,894019365,lythinam160@hotmail.com,2,1,Không có,1,2024-04-27 17:00:00,NULL
4394,120,Trần Hoàng Linh,883307748,tranhoanglinh705@vku.udn.vn,2,0,Không có,1,2024-03-07 17:00:00,NULL
4395,289,Hoàng Hải Hùng,754200826,hoanghaihung714@vku.udn.vn,3,2,Không có,1,2024-12-09 17:00:00,NULL
4396,272,Lê Thanh Phong,473461957,lethanhphong553@vku.udn.vn,1,2,Không có,1,2024-04-19 17:00:00,NULL
4397,344,Võ Văn Nam,879196799,vovannam54@hotmail.com,2,0,Không có,1,2024-01-13 17:00:00,NULL
4398,256,Đặng Thị Hương,706448196,dangthihuong81@vku.udn.vn,2,3,Không có,1,2024-02-19 17:00:00,NULL
4399,112,Hoàng Minh Trang,429283221,hoangminhtrang973@outlook.com,1,0,Không có,1,2024-12-17 17:00:00,NULL
4400,296,Đỗ Minh Mai,639492674,dominhmai952@gmail.com,3,0,Không có,1,2024-07-31 17:00:00,NULL
4401,364,Hồ Thu Phong,498803134,hothuphong197@yahoo.com,3,3,Không có,1,2024-03-08 17:00:00,NULL
4402,344,Võ Văn Nam,879196799,vovannam54@hotmail.com,3,0,Không có,1,2024-02-08 17:00:00,NULL
4403,395,Võ Đức Mai,891916368,voducmai149@outlook.com,1,3,Không có,1,2024-12-06 17:00:00,NULL
4404,270,Lê Hải Anh,582811832,lehaianh996@vku.udn.vn,3,0,Không có,1,2024-07-27 17:00:00,NULL
4405,339,Phạm Minh Linh,821454127,phamminhlinh30@outlook.com,1,1,Không có,1,2024-01-20 17:00:00,NULL
4406,111,Hồ Hoàng Nga,873972499,hohoangnga134@vku.udn.vn,1,1,Không có,1,2024-06-13 17:00:00,NULL
4407,339,Phạm Minh Linh,821454127,phamminhlinh30@outlook.com,3,3,Không có,1,2024-05-08 17:00:00,NULL
4408,52,Hồ Thanh Hạnh,736854727,hothanhhanh485@vku.udn.vn,3,0,Không có,1,2024-11-19 17:00:00,NULL
4409,132,Vũ Minh Linh,751022053,vuminhlinh183@gmail.com,3,1,Không có,1,2024-01-18 17:00:00,NULL
4410,45,Vũ Minh Phong,900405544,vuminhphong611@yahoo.com,1,0,Không có,1,2024-10-31 17:00:00,NULL
4411,329,Võ Văn Nga,567574609,vovannga940@gmail.com,1,0,Không có,1,2024-08-26 17:00:00,NULL
4412,23,Đỗ Hữu Cường,583374714,dohuucuong90@yahoo.com,3,0,Không có,1,2024-04-03 17:00:00,NULL
4413,315,Lê Hoàng Hùng,341078352,lehoanghung112@vku.udn.vn,1,0,Không có,1,2024-02-08 17:00:00,NULL
4414,29,Trần Thị Hạnh,324964302,tranthihanh899@hotmail.com,3,3,Không có,1,2024-02-28 17:00:00,NULL
4415,33,Võ Hoàng Trang,949773126,vohoangtrang97@hotmail.com,1,1,Không có,1,2024-01-21 17:00:00,NULL
4416,58,Phan Quốc Bình,675102562,phanquocbinh44@vku.udn.vn,3,0,Không có,1,2024-03-02 17:00:00,NULL
4417,254,Phan Minh Cường,531191390,phanminhcuong981@hotmail.com,3,0,Không có,1,2024-10-31 17:00:00,NULL
4418,275,Dương Thị Phong,871988889,duongthiphong785@yahoo.com,2,0,Không có,1,2024-10-07 17:00:00,NULL
4419,362,Phan Quốc Nam,890975123,phanquocnam339@hotmail.com,2,0,Không có,1,2024-06-27 17:00:00,NULL
4420,70,Nguyễn Hải Dũng,551281649,nguyenhaidung944@hotmail.com,3,1,Không có,1,2024-02-21 17:00:00,NULL
4421,342,Lê Hải Cường,353992714,lehaicuong267@outlook.com,1,2,Không có,1,2024-11-28 17:00:00,NULL
4422,371,Ngô Hoàng Hùng,391462297,ngohoanghung255@gmail.com,2,0,Không có,1,2024-10-28 17:00:00,NULL
4423,376,Nguyễn Quốc Mai,937599912,nguyenquocmai482@hotmail.com,2,1,Không có,1,2024-02-09 17:00:00,NULL
4424,335,Hồ Đức Bình,745461013,hoducbinh418@hotmail.com,1,0,Không có,1,2024-02-29 17:00:00,NULL
4425,330,Ngô Hải Long,870298515,ngohailong573@vku.udn.vn,3,0,Không có,1,2024-12-05 17:00:00,NULL
4426,333,Hoàng Hải Bình,606798268,hoanghaibinh241@hotmail.com,1,3,Không có,1,2024-01-24 17:00:00,NULL
4427,393,Nguyễn Thu Linh,400082623,nguyenthulinh231@gmail.com,2,3,Không có,1,2024-03-20 17:00:00,NULL
4428,8,Võ Hữu Dũng,912123415,vohuudung968@outlook.com,3,1,Không có,1,2024-05-16 17:00:00,NULL
4429,19,Võ Văn Hùng,640917767,vovanhung541@hotmail.com,1,0,Không có,1,2024-01-28 17:00:00,NULL
4430,286,Phạm Thị Mai,890907304,phamthimai101@gmail.com,1,2,Không có,1,2024-06-13 17:00:00,NULL
4431,77,Võ Quốc Long,691852065,voquoclong484@vku.udn.vn,3,1,Không có,1,2024-06-11 17:00:00,NULL
4432,11,Dương Đức Bình,416382034,duongducbinh648@hotmail.com,1,0,Không có,1,2024-08-03 17:00:00,NULL
4433,388,Trần Thanh Hùng,647112584,tranthanhhung119@outlook.com,3,1,Không có,1,2024-06-16 17:00:00,NULL
4434,320,Hồ Minh Nga,436674237,hominhnga197@outlook.com,2,0,Không có,1,2024-09-25 17:00:00,NULL
4435,279,Nguyễn Hoàng Nga,547083812,nguyenhoangnga603@yahoo.com,1,2,Không có,1,2024-12-08 17:00:00,NULL
4436,109,Đặng Hải Mai,636949990,danghaimai111@outlook.com,2,1,Không có,1,2024-12-17 17:00:00,NULL
4437,362,Phan Quốc Nam,890975123,phanquocnam339@hotmail.com,2,0,Không có,1,2024-03-22 17:00:00,NULL
4438,298,Lê Thanh Hương,373864104,lethanhhuong901@yahoo.com,2,0,Không có,1,2024-03-07 17:00:00,NULL
4439,274,Nguyễn Đức Hương,909194872,nguyenduchuong970@gmail.com,2,0,Không có,1,2024-07-24 17:00:00,NULL
4440,356,Bùi Hoàng Long,706936666,buihoanglong345@gmail.com,2,0,Không có,1,2024-06-01 17:00:00,NULL
4441,45,Vũ Hải Nam,317561022,vuhainam181@yahoo.com,2,0,Không có,1,2024-10-28 17:00:00,NULL
4442,17,Võ Thu Dũng,816785340,vothudung437@outlook.com,2,0,Không có,1,2024-09-21 17:00:00,NULL
4443,132,Trần Hải Mai,396799450,tranhaimai114@outlook.com,2,2,Không có,1,2024-01-21 17:00:00,NULL
4444,97,Lê Hoàng Long,645969843,lehoanglong674@hotmail.com,3,3,Không có,1,2024-03-28 17:00:00,NULL
4445,141,Đặng Văn Nga,902004491,dangvannga45@outlook.com,1,0,Không có,1,2024-01-18 17:00:00,NULL
4446,75,Bùi Hoàng Trang,920122456,buihoangtrang550@yahoo.com,1,2,Không có,1,2024-07-18 17:00:00,NULL
4447,396,Đặng Hữu Hạnh,374958005,danghuuhanh283@outlook.com,2,3,Không có,1,2024-10-24 17:00:00,NULL
4448,62,Trần Quốc Trang,584865758,tranquoctrang220@vku.udn.vn,2,0,Không có,1,2024-05-17 17:00:00,NULL
4449,364,Hồ Thu Phong,498803134,hothuphong197@yahoo.com,3,0,Không có,1,2024-01-02 17:00:00,NULL
4450,73,Phan Hoàng Anh,811144973,phanhoanganh774@gmail.com,2,0,Không có,1,2024-06-05 17:00:00,NULL
4451,34,Võ Thu Bình,462463449,vothubinh296@gmail.com,2,1,Không có,1,2024-07-03 17:00:00,NULL
4452,378,Đỗ Đức Linh,423240112,doduclinh558@yahoo.com,3,2,Không có,1,2024-03-18 17:00:00,NULL
4453,145,Lê Đức Long,344532788,leduclong499@outlook.com,3,3,Không có,1,2024-04-23 17:00:00,NULL
4454,91,Hồ Đức Cường,347242298,hoduccuong648@outlook.com,3,3,Không có,1,2024-03-16 17:00:00,NULL
4455,284,Nguyễn Quốc Nam,664323393,nguyenquocnam820@gmail.com,1,3,Không có,1,2024-12-08 17:00:00,NULL
4456,75,Hồ Thu Dũng,965276111,hothudung153@gmail.com,1,2,Không có,1,2024-04-24 17:00:00,NULL
4457,376,Nguyễn Quốc Mai,937599912,nguyenquocmai482@hotmail.com,3,3,Không có,1,2024-06-23 17:00:00,NULL
4458,380,Bùi Hoàng Hương,609893263,buihoanghuong450@gmail.com,2,0,Không có,1,2024-02-08 17:00:00,NULL
4459,329,Võ Văn Nga,567574609,vovannga940@gmail.com,1,0,Không có,1,2024-02-16 17:00:00,NULL
4460,274,Nguyễn Đức Hương,909194872,nguyenduchuong970@gmail.com,1,1,Không có,1,2024-12-26 17:00:00,NULL
4461,45,Vũ Thu Nam,752260489,vuthunam764@outlook.com,1,0,Không có,1,2024-11-17 17:00:00,NULL
4462,349,Đỗ Quốc Linh,512954978,doquoclinh78@vku.udn.vn,3,0,Không có,1,2024-04-25 17:00:00,NULL
4463,109,Lê Hoàng Nam,611257570,lehoangnam398@vku.udn.vn,3,3,Không có,1,2024-10-17 17:00:00,NULL
4464,67,Lê Đức Trang,954044184,leductrang708@outlook.com,1,0,Không có,1,2024-01-06 17:00:00,NULL
4465,344,Võ Văn Nam,879196799,vovannam54@hotmail.com,1,0,Không có,1,2024-01-26 17:00:00,NULL
4466,85,Phạm Thị Hương,692057939,phamthihuong907@gmail.com,1,2,Không có,1,2024-12-02 17:00:00,NULL
4467,368,Đỗ Hải Bình,313169872,dohaibinh588@hotmail.com,3,0,Không có,1,2024-03-22 17:00:00,NULL
4468,78,Nguyễn Quốc Anh,826293192,nguyenquocanh872@vku.udn.vn,3,0,Không có,1,2024-02-04 17:00:00,NULL
4469,82,Nguyễn Văn Trang,658709465,nguyenvantrang978@hotmail.com,1,0,Không có,1,2024-12-09 17:00:00,NULL
4470,125,Võ Quốc Phong,545013140,voquocphong157@yahoo.com,1,1,Không có,1,2024-09-02 17:00:00,NULL
4471,293,Trần Đức Linh,428727266,tranduclinh965@vku.udn.vn,2,0,Không có,1,2024-05-11 17:00:00,NULL
4472,40,Võ Hữu Cường,816522961,vohuucuong861@hotmail.com,2,2,Không có,1,2024-12-29 17:00:00,NULL
4473,388,Trần Thanh Hùng,647112584,tranthanhhung119@outlook.com,3,0,Không có,1,2024-10-17 17:00:00,NULL
4474,322,Hoàng Minh Dũng,761588882,hoangminhdung805@vku.udn.vn,2,0,Không có,1,2024-12-01 17:00:00,NULL
4475,318,Phan Quốc Bình,654549587,phanquocbinh639@hotmail.com,1,0,Không có,1,2024-06-30 17:00:00,NULL
4476,130,Đỗ Thu Mai,671035185,dothumai299@vku.udn.vn,1,3,Không có,1,2024-08-08 17:00:00,NULL
4477,295,Phan Minh Dũng,637352358,phanminhdung245@hotmail.com,3,3,Không có,1,2024-08-04 17:00:00,NULL
4478,145,Đỗ Thu Cường,417129842,dothucuong42@gmail.com,1,1,Không có,1,2024-06-08 17:00:00,NULL
4479,300,Nguyễn Thu Hùng,411225158,nguyenthuhung962@yahoo.com,1,0,Không có,1,2024-12-10 17:00:00,NULL
4480,84,Lý Văn Phong,455716979,lyvanphong871@gmail.com,3,3,Không có,1,2024-08-30 17:00:00,NULL
4481,17,Dương Hoàng Trang,663489701,duonghoangtrang347@hotmail.com,1,1,Không có,1,2024-04-08 17:00:00,NULL
4482,351,Phan Thu Linh,697897455,phanthulinh71@vku.udn.vn,2,3,Không có,1,2024-07-14 17:00:00,NULL
4483,74,Dương Minh Hương,818056007,duongminhhuong488@yahoo.com,1,0,Không có,1,2024-07-22 17:00:00,NULL
4484,87,Ngô Văn Anh,666252444,ngovananh582@vku.udn.vn,2,0,Không có,1,2024-03-13 17:00:00,NULL
4485,108,Vũ Văn Linh,521776767,vuvanlinh159@gmail.com,2,1,Không có,1,2024-04-08 17:00:00,NULL
4486,22,Trần Quốc Hạnh,767507633,tranquochanh624@outlook.com,1,1,Không có,1,2024-08-27 17:00:00,NULL
4487,323,Võ Hải Mai,529460134,vohaimai524@outlook.com,2,0,Không có,1,2024-10-28 17:00:00,NULL
4488,98,Võ Minh Hương,965687952,vominhhuong798@gmail.com,2,3,Không có,1,2024-11-30 17:00:00,NULL
4489,279,Nguyễn Hoàng Nga,547083812,nguyenhoangnga603@yahoo.com,1,2,Không có,1,2024-08-09 17:00:00,NULL
4490,48,Phan Hữu Nga,535760948,phanhuunga32@hotmail.com,1,0,Không có,1,2024-03-03 17:00:00,NULL
4491,142,Phan Quốc Mai,976558879,phanquocmai309@gmail.com,2,3,Không có,1,2024-11-20 17:00:00,NULL
4492,132,Vũ Văn Cường,870134145,vuvancuong713@vku.udn.vn,3,0,Không có,1,2024-08-03 17:00:00,NULL
4493,327,Phạm Quốc Mai,729123992,phamquocmai250@yahoo.com,3,3,Không có,1,2024-09-05 17:00:00,NULL
4494,258,Ngô Minh Bình,549957310,ngominhbinh888@gmail.com,1,0,Không có,1,2024-12-04 17:00:00,NULL
4495,37,Lý Minh Mai,929272104,lyminhmai294@outlook.com,2,2,Không có,1,2024-07-13 17:00:00,NULL
4496,279,Nguyễn Hoàng Nga,547083812,nguyenhoangnga603@yahoo.com,1,0,Không có,1,2024-11-05 17:00:00,NULL
4497,73,Phan Thu Nga,612818299,phanthunga959@vku.udn.vn,1,2,Không có,1,2024-03-03 17:00:00,NULL
4498,110,Lý Hữu Bình,553563253,lyhuubinh981@vku.udn.vn,3,0,Không có,1,2024-08-04 17:00:00,NULL
4499,118,Dương Hoàng Nam,872736339,duonghoangnam642@vku.udn.vn,3,2,Không có,1,2024-09-03 17:00:00,NULL
4500,119,Dương Minh Dũng,852294655,duongminhdung776@yahoo.com,2,0,Không có,1,2024-07-11 17:00:00,NULL
4501,337,Dương Hoàng Linh,812153089,duonghoanglinh7@hotmail.com,3,1,Không có,1,2024-02-08 17:00:00,NULL
4502,29,Nguyễn Thị Bình,847366410,nguyenthibinh387@yahoo.com,1,0,Không có,1,2024-08-01 17:00:00,NULL
4503,315,Lê Hoàng Hùng,341078352,lehoanghung112@vku.udn.vn,3,3,Không có,1,2024-03-27 17:00:00,NULL
4504,288,Phạm Quốc Hương,362959284,phamquochuong169@outlook.com,2,0,Không có,1,2024-01-25 17:00:00,NULL
4505,50,Đặng Thanh Trang,559268506,dangthanhtrang185@vku.udn.vn,1,0,Không có,1,2024-10-28 17:00:00,NULL
4506,66,Lý Hải Dũng,768868156,lyhaidung454@vku.udn.vn,2,0,Không có,1,2024-02-16 17:00:00,NULL
4507,100,Đỗ Hải Cường,482873367,dohaicuong817@outlook.com,2,2,Không có,1,2024-06-08 17:00:00,NULL
4508,17,Nguyễn Hoàng Trang,416232405,nguyenhoangtrang995@vku.udn.vn,1,2,Không có,1,2024-03-01 17:00:00,NULL
4509,45,Nguyễn Minh Nam,546490261,nguyenminhnam350@vku.udn.vn,3,1,Không có,1,2024-08-19 17:00:00,NULL
4510,287,Dương Văn Bình,553810544,duongvanbinh171@outlook.com,2,0,Không có,1,2024-05-06 17:00:00,NULL
4511,101,Lý Văn Nga,368440829,lyvannga72@hotmail.com,3,2,Không có,1,2024-07-18 17:00:00,NULL
4512,379,Lý Minh Hạnh,452725050,lyminhhanh74@gmail.com,2,0,Không có,1,2024-07-28 17:00:00,NULL
4513,332,Hoàng Đức Hạnh,984683755,hoangduchanh284@vku.udn.vn,1,1,Không có,1,2024-01-22 17:00:00,NULL
4514,266,Đặng Hải Bình,350590821,danghaibinh882@gmail.com,2,0,Không có,1,2024-03-30 17:00:00,NULL
4515,334,Lý Thu Bình,448578017,lythubinh155@yahoo.com,2,2,Không có,1,2024-10-08 17:00:00,NULL
4516,330,Ngô Hải Long,870298515,ngohailong573@vku.udn.vn,1,0,Không có,1,2024-03-26 17:00:00,NULL
4517,102,Trần Minh Long,360243200,tranminhlong134@vku.udn.vn,1,2,Không có,1,2024-02-23 17:00:00,NULL
4518,363,Hoàng Minh Hùng,547538338,hoangminhhung124@yahoo.com,3,0,Không có,1,2024-02-26 17:00:00,NULL
4519,254,Phan Minh Cường,531191390,phanminhcuong981@hotmail.com,2,0,Không có,1,2024-05-31 17:00:00,NULL
4520,339,Phạm Minh Linh,821454127,phamminhlinh30@outlook.com,2,3,Không có,1,2024-02-06 17:00:00,NULL
4521,338,Dương Quốc Nga,886405096,duongquocnga820@vku.udn.vn,2,0,Không có,1,2024-07-05 17:00:00,NULL
4522,294,Bùi Văn Trang,388029013,buivantrang430@vku.udn.vn,3,0,Không có,1,2024-09-12 17:00:00,NULL
4523,323,Võ Hải Mai,529460134,vohaimai524@outlook.com,3,1,Không có,1,2024-05-31 17:00:00,NULL
4524,350,Trần Minh Hạnh,944687060,tranminhhanh825@gmail.com,2,3,Không có,1,2024-10-11 17:00:00,NULL
4525,57,Trần Đức Cường,360845659,tranduccuong37@hotmail.com,2,0,Không có,1,2024-06-12 17:00:00,NULL
4526,91,Vũ Quốc Bình,734781979,vuquocbinh818@vku.udn.vn,2,0,Không có,1,2024-02-22 17:00:00,NULL
4527,399,Ngô Thu Linh,788922557,ngothulinh956@hotmail.com,1,0,Không có,1,2024-09-24 17:00:00,NULL
4528,289,Hoàng Hải Hùng,754200826,hoanghaihung714@vku.udn.vn,1,3,Không có,1,2024-04-19 17:00:00,NULL
4529,74,Trần Quốc Mai,909296719,tranquocmai209@hotmail.com,3,0,Không có,1,2024-11-28 17:00:00,NULL
4530,60,Trần Minh Hùng,789874866,tranminhhung634@vku.udn.vn,2,0,Không có,1,2024-09-18 17:00:00,NULL
4531,290,Lê Đức Hùng,533754555,leduchung992@gmail.com,3,2,Không có,1,2024-10-10 17:00:00,NULL
4532,391,Đặng Hữu Hương,609268943,danghuuhuong449@outlook.com,1,0,Không có,1,2024-08-01 17:00:00,NULL
4533,37,Võ Thanh Linh,505207295,vothanhlinh675@hotmail.com,3,2,Không có,1,2024-02-03 17:00:00,NULL
4534,342,Lê Hải Cường,353992714,lehaicuong267@outlook.com,1,0,Không có,1,2024-03-22 17:00:00,NULL
4535,125,Vũ Minh Mai,860209549,vuminhmai542@hotmail.com,2,0,Không có,1,2024-12-23 17:00:00,NULL
4536,63,Bùi Minh Lan,680878745,buiminhlan121@yahoo.com,2,0,Không có,1,2024-07-23 17:00:00,NULL
4537,78,Lê Hữu Nam,470027974,lehuunam430@gmail.com,2,2,Không có,1,2024-06-13 17:00:00,NULL
4538,96,Đặng Hải Hạnh,454870714,danghaihanh715@gmail.com,1,0,Không có,1,2024-08-18 17:00:00,NULL
4539,14,Phan Hải Linh,920623533,phanhailinh265@hotmail.com,2,3,Không có,1,2024-06-09 17:00:00,NULL
4540,129,Dương Minh Phong,692822076,duongminhphong201@outlook.com,2,3,Không có,1,2024-10-17 17:00:00,NULL
4541,268,Đặng Minh Nga,312327652,dangminhnga697@gmail.com,3,0,Không có,1,2024-01-25 17:00:00,NULL
4542,71,Bùi Quốc Lan,710132589,buiquoclan985@vku.udn.vn,1,0,Không có,1,2024-08-24 17:00:00,NULL
4543,348,Ngô Hữu Hùng,416070149,ngohuuhung593@gmail.com,2,0,Không có,1,2024-12-30 17:00:00,NULL
4544,39,Lý Quốc Cường,548570570,lyquoccuong731@vku.udn.vn,2,3,Không có,1,2024-04-25 17:00:00,NULL
4545,349,Đỗ Quốc Linh,512954978,doquoclinh78@vku.udn.vn,3,0,Không có,1,2024-01-16 17:00:00,NULL
4546,250,Đỗ Thị Anh,595310485,dothianh251@yahoo.com,2,0,Không có,1,2024-12-01 17:00:00,NULL
4547,38,Dương Thanh Lan,462436696,duongthanhlan894@hotmail.com,2,3,Không có,1,2024-01-14 17:00:00,NULL
4548,331,Bùi Thu Linh,888273030,buithulinh457@yahoo.com,2,3,Không có,1,2024-06-07 17:00:00,NULL
4549,324,Hoàng Thu Long,979615069,hoangthulong635@hotmail.com,2,0,Không có,1,2024-12-27 17:00:00,NULL
4550,274,Nguyễn Đức Hương,909194872,nguyenduchuong970@gmail.com,2,0,Không có,1,2024-05-29 17:00:00,NULL
4551,389,Đỗ Thu Mai,743721204,dothumai56@yahoo.com,3,0,Không có,1,2024-06-03 17:00:00,NULL
4552,140,Dương Văn Lan,862410962,duongvanlan421@yahoo.com,3,0,Không có,1,2024-04-03 17:00:00,NULL
4553,321,Đỗ Hữu Trang,911072118,dohuutrang309@outlook.com,1,0,Không có,1,2024-11-09 17:00:00,NULL
4554,66,Lý Thị Lan,714179431,lythilan371@hotmail.com,1,3,Không có,1,2024-01-18 17:00:00,NULL
4555,6,Dương Hữu Linh,443894859,duonghuulinh860@outlook.com,3,3,Không có,1,2024-10-31 17:00:00,NULL
4556,20,Đặng Thu Hương,305689998,dangthuhuong878@outlook.com,2,0,Không có,1,2024-05-20 17:00:00,NULL
4557,48,Lê Hữu Hùng,663722324,lehuuhung789@vku.udn.vn,2,0,Không có,1,2024-01-03 17:00:00,NULL
4558,277,Lý Thu Phong,515984311,lythuphong731@hotmail.com,1,0,Không có,1,2024-04-12 17:00:00,NULL
4559,260,Hồ Thị Trang,981802744,hothitrang176@vku.udn.vn,1,2,Không có,1,2024-09-07 17:00:00,NULL
4560,131,Vũ Minh Dũng,327679952,vuminhdung723@yahoo.com,2,0,Không có,1,2024-05-16 17:00:00,NULL
4561,300,Nguyễn Thu Hùng,411225158,nguyenthuhung962@yahoo.com,1,2,Không có,1,2024-06-21 17:00:00,NULL
4562,40,Hồ Hải Phong,370859941,hohaiphong298@yahoo.com,1,0,Không có,1,2024-12-25 17:00:00,NULL
4563,70,Võ Đức Hạnh,698210580,voduchanh632@vku.udn.vn,2,0,Không có,1,2024-08-08 17:00:00,NULL
4564,254,Phan Minh Cường,531191390,phanminhcuong981@hotmail.com,3,1,Không có,1,2024-06-30 17:00:00,NULL
4565,37,Đặng Thị Hùng,360889331,dangthihung340@hotmail.com,1,0,Không có,1,2024-03-19 17:00:00,NULL
4566,143,Dương Đức Cường,606764122,duongduccuong653@vku.udn.vn,2,0,Không có,1,2024-12-10 17:00:00,NULL
4567,369,Võ Thanh Cường,355165334,vothanhcuong259@outlook.com,3,2,Không có,1,2024-08-09 17:00:00,NULL
4568,388,Trần Thanh Hùng,647112584,tranthanhhung119@outlook.com,3,0,Không có,1,2024-01-21 17:00:00,NULL
4569,24,Lê Quốc Hùng,537999712,lequochung598@yahoo.com,1,1,Không có,1,2024-12-16 17:00:00,NULL
4570,260,Hồ Thị Trang,981802744,hothitrang176@vku.udn.vn,3,0,Không có,1,2024-06-03 17:00:00,NULL
4571,383,Nguyễn Thị Dũng,917615339,nguyenthidung602@gmail.com,2,0,Không có,1,2024-05-25 17:00:00,NULL
4572,395,Võ Đức Mai,891916368,voducmai149@outlook.com,3,2,Không có,1,2024-04-21 17:00:00,NULL
4573,117,Lý Hải Linh,398230876,lyhailinh143@hotmail.com,3,1,Không có,1,2024-02-10 17:00:00,NULL
4574,108,Vũ Thanh Hương,837516793,vuthanhhuong827@yahoo.com,1,0,Không có,1,2024-11-21 17:00:00,NULL
4575,382,Bùi Văn Hương,763887247,buivanhuong753@hotmail.com,1,2,Không có,1,2024-01-04 17:00:00,NULL
4576,32,Vũ Hữu Cường,558665693,vuhuucuong898@yahoo.com,3,0,Không có,1,2024-06-17 17:00:00,NULL
4577,391,Đặng Hữu Hương,609268943,danghuuhuong449@outlook.com,2,0,Không có,1,2024-01-26 17:00:00,NULL
4578,68,Phan Văn Mai,445268198,phanvanmai12@gmail.com,1,0,Không có,1,2024-01-20 17:00:00,NULL
4579,148,Phan Hoàng Trang,831448837,phanhoangtrang230@gmail.com,3,0,Không có,1,2024-03-06 17:00:00,NULL
4580,30,Dương Hải Hương,774876669,duonghaihuong645@yahoo.com,3,1,Không có,1,2024-12-20 17:00:00,NULL
4581,75,Trần Hữu Dũng,865101328,tranhuudung345@outlook.com,1,0,Không có,1,2024-08-13 17:00:00,NULL
4582,259,Võ Thanh Cường,697478786,vothanhcuong364@yahoo.com,3,1,Không có,1,2024-12-11 17:00:00,NULL
4583,394,Đỗ Hữu Mai,613383963,dohuumai522@hotmail.com,1,0,Không có,1,2024-09-19 17:00:00,NULL
4584,120,Nguyễn Thu Trang,515186218,nguyenthutrang706@outlook.com,3,1,Không có,1,2024-06-12 17:00:00,NULL
4585,312,Dương Hải Lan,627696198,duonghailan841@yahoo.com,1,3,Không có,1,2024-09-21 17:00:00,NULL
4586,276,Đặng Hữu Hùng,866585408,danghuuhung894@vku.udn.vn,3,1,Không có,1,2024-01-20 17:00:00,NULL
4587,126,Hồ Hải Bình,855197015,hohaibinh548@vku.udn.vn,1,3,Không có,1,2024-06-10 17:00:00,NULL
4588,302,Phạm Thanh Dũng,981007818,phamthanhdung874@hotmail.com,1,0,Không có,1,2024-10-25 17:00:00,NULL
4589,107,Võ Hải Hạnh,965399744,vohaihanh616@hotmail.com,1,1,Không có,1,2024-02-08 17:00:00,NULL
4590,316,Hồ Thanh Linh,950911797,hothanhlinh524@gmail.com,1,1,Không có,1,2024-02-25 17:00:00,NULL
4591,354,Bùi Thu Phong,819151495,buithuphong477@outlook.com,2,0,Không có,1,2024-02-29 17:00:00,NULL
4592,270,Lê Hải Anh,582811832,lehaianh996@vku.udn.vn,3,0,Không có,1,2024-04-10 17:00:00,NULL
4593,82,Ngô Minh Cường,595743709,ngominhcuong745@vku.udn.vn,3,1,Không có,1,2024-01-27 17:00:00,NULL
4594,87,Phạm Thị Bình,482622416,phamthibinh299@gmail.com,3,0,Không có,1,2024-04-10 17:00:00,NULL
4595,382,Bùi Văn Hương,763887247,buivanhuong753@hotmail.com,1,3,Không có,1,2024-05-04 17:00:00,NULL
4596,367,Lê Minh Anh,358546865,leminhanh567@hotmail.com,2,0,Không có,1,2024-05-19 17:00:00,NULL
4597,31,Nguyễn Quốc Hùng,840492665,nguyenquochung330@hotmail.com,1,0,Không có,1,2024-07-11 17:00:00,NULL
4598,15,Phan Đức Phong,970670710,phanducphong476@gmail.com,1,0,Không có,1,2024-05-08 17:00:00,NULL
4599,344,Võ Văn Nam,879196799,vovannam54@hotmail.com,1,2,Không có,1,2024-03-26 17:00:00,NULL
4600,265,Hoàng Hoàng Linh,926563708,hoanghoanglinh409@hotmail.com,2,2,Không có,1,2024-03-01 17:00:00,NULL
4601,398,Dương Hữu Mai,878296492,duonghuumai496@hotmail.com,1,0,Không có,1,2024-04-13 17:00:00,NULL
4602,95,Hồ Hữu Nam,806401737,hohuunam586@outlook.com,2,1,Không có,1,2024-03-02 17:00:00,NULL
4603,343,Võ Thanh Lan,707083673,vothanhlan285@outlook.com,3,0,Không có,1,2024-05-24 17:00:00,NULL
4604,398,Dương Hữu Mai,878296492,duonghuumai496@hotmail.com,2,2,Không có,1,2024-02-11 17:00:00,NULL
4605,123,Lý Thu Trang,302094290,lythutrang628@outlook.com,3,2,Không có,1,2024-10-26 17:00:00,NULL
4606,103,Đặng Hữu Hùng,672935231,danghuuhung21@gmail.com,1,0,Không có,1,2024-04-09 17:00:00,NULL
4607,307,Hoàng Thanh Hương,342836793,hoangthanhhuong921@hotmail.com,1,2,Không có,1,2024-02-21 17:00:00,NULL
4608,376,Nguyễn Quốc Mai,937599912,nguyenquocmai482@hotmail.com,3,0,Không có,1,2024-05-27 17:00:00,NULL
4609,34,Bùi Thanh Lan,999583199,buithanhlan488@outlook.com,1,0,Không có,1,2024-03-17 17:00:00,NULL
4610,371,Ngô Hoàng Hùng,391462297,ngohoanghung255@gmail.com,1,2,Không có,1,2024-06-08 17:00:00,NULL
4611,42,Phạm Quốc Linh,739616674,phamquoclinh183@gmail.com,3,0,Không có,1,2024-11-10 17:00:00,NULL
4612,289,Hoàng Hải Hùng,754200826,hoanghaihung714@vku.udn.vn,2,3,Không có,1,2024-10-28 17:00:00,NULL
4613,311,Ngô Thị Linh,341580226,ngothilinh880@outlook.com,2,0,Không có,1,2024-01-03 17:00:00,NULL
4614,374,Nguyễn Hoàng Nam,406551233,nguyenhoangnam971@yahoo.com,2,2,Không có,1,2024-08-30 17:00:00,NULL
4615,9,Vũ Thu Phong,883645923,vuthuphong602@yahoo.com,1,2,Không có,1,2024-04-12 17:00:00,NULL
4616,148,Bùi Đức Phong,999923877,buiducphong117@vku.udn.vn,2,0,Không có,1,2024-07-06 17:00:00,NULL
4617,74,Phạm Đức Mai,822542048,phamducmai696@vku.udn.vn,1,3,Không có,1,2024-10-16 17:00:00,NULL
4618,371,Ngô Hoàng Hùng,391462297,ngohoanghung255@gmail.com,3,0,Không có,1,2024-10-17 17:00:00,NULL
4619,339,Phạm Minh Linh,821454127,phamminhlinh30@outlook.com,2,0,Không có,1,2024-05-29 17:00:00,NULL
4620,319,Hồ Minh Nga,632091877,hominhnga683@outlook.com,1,0,Không có,1,2024-09-17 17:00:00,NULL
4621,355,Phan Đức Hạnh,393053577,phanduchanh286@outlook.com,1,3,Không có,1,2024-10-22 17:00:00,NULL
4622,88,Lê Hữu Cường,536701713,lehuucuong76@gmail.com,3,2,Không có,1,2024-09-22 17:00:00,NULL
4623,37,Lê Minh Bình,898538313,leminhbinh947@outlook.com,2,3,Không có,1,2024-08-28 17:00:00,NULL
4624,363,Hoàng Minh Hùng,547538338,hoangminhhung124@yahoo.com,2,0,Không có,1,2024-04-11 17:00:00,NULL
4625,111,Trần Đức Trang,803985999,tranductrang683@gmail.com,3,0,Không có,1,2024-08-28 17:00:00,NULL
4626,396,Đặng Hữu Hạnh,374958005,danghuuhanh283@outlook.com,1,1,Không có,1,2024-09-02 17:00:00,NULL
4627,60,Đặng Thị Anh,464689700,dangthianh797@hotmail.com,2,3,Không có,1,2024-04-07 17:00:00,NULL
4628,335,Hồ Đức Bình,745461013,hoducbinh418@hotmail.com,2,2,Không có,1,2024-03-31 17:00:00,NULL
4629,305,Đặng Văn Bình,380792472,dangvanbinh968@yahoo.com,1,0,Không có,1,2024-06-16 17:00:00,NULL
4630,277,Lý Thu Phong,515984311,lythuphong731@hotmail.com,3,0,Không có,1,2024-01-04 17:00:00,NULL
4631,99,Lý Văn Hùng,617962088,lyvanhung161@vku.udn.vn,3,0,Không có,1,2024-11-23 17:00:00,NULL
4632,27,Đặng Thanh Hương,775357033,dangthanhhuong760@vku.udn.vn,2,0,Không có,1,2024-06-20 17:00:00,NULL
4633,36,Lê Hoàng Bình,328951959,lehoangbinh757@yahoo.com,3,1,Không có,1,2024-05-20 17:00:00,NULL
4634,369,Võ Thanh Cường,355165334,vothanhcuong259@outlook.com,1,2,Không có,1,2024-08-21 17:00:00,NULL
4635,34,Trần Thanh Mai,759990602,tranthanhmai196@outlook.com,2,3,Không có,1,2024-06-26 17:00:00,NULL
4636,13,Hoàng Minh Hương,880180828,hoangminhhuong39@vku.udn.vn,3,2,Không có,1,2024-01-29 17:00:00,NULL
4637,50,Lê Văn Phong,836153927,levanphong801@vku.udn.vn,1,2,Không có,1,2024-10-26 17:00:00,NULL
4638,259,Võ Thanh Cường,697478786,vothanhcuong364@yahoo.com,3,3,Không có,1,2024-07-05 17:00:00,NULL
4639,76,Ngô Hoàng Trang,780710496,ngohoangtrang365@hotmail.com,2,0,Không có,1,2024-06-23 17:00:00,NULL
4640,143,Trần Hữu Dũng,308853519,tranhuudung695@outlook.com,3,0,Không có,1,2024-10-17 17:00:00,NULL
4641,359,Trần Đức Nam,736398872,tranducnam501@vku.udn.vn,1,1,Không có,1,2024-12-12 17:00:00,NULL
4642,61,Phạm Hữu Dũng,505829538,phamhuudung563@outlook.com,3,3,Không có,1,2024-07-15 17:00:00,NULL
4643,344,Võ Văn Nam,879196799,vovannam54@hotmail.com,3,0,Không có,1,2024-12-25 17:00:00,NULL
4644,30,Phan Hữu Nam,985126893,phanhuunam461@hotmail.com,1,1,Không có,1,2024-09-23 17:00:00,NULL
4645,7,Trần Thị Linh,435185853,tranthilinh903@vku.udn.vn,2,1,Không có,1,2024-04-11 17:00:00,NULL
4646,270,Lê Hải Anh,582811832,lehaianh996@vku.udn.vn,1,0,Không có,1,2024-03-15 17:00:00,NULL
4647,142,Hồ Hải Bình,819225207,hohaibinh496@hotmail.com,2,2,Không có,1,2024-05-25 17:00:00,NULL
4648,96,Hồ Thanh Phong,462064775,hothanhphong456@outlook.com,3,0,Không có,1,2024-04-29 17:00:00,NULL
4649,339,Phạm Minh Linh,821454127,phamminhlinh30@outlook.com,3,3,Không có,1,2024-03-02 17:00:00,NULL
4650,83,Dương Thanh Hùng,956139304,duongthanhhung346@vku.udn.vn,2,0,Không có,1,2024-06-01 17:00:00,NULL
4651,38,Vũ Thu Anh,509003790,vuthuanh809@outlook.com,2,0,Không có,1,2024-03-26 17:00:00,NULL
4652,338,Dương Quốc Nga,886405096,duongquocnga820@vku.udn.vn,2,1,Không có,1,2024-07-27 17:00:00,NULL
4653,26,Trần Đức Hùng,590994362,tranduchung234@hotmail.com,2,1,Không có,1,2024-10-19 17:00:00,NULL
4654,297,Bùi Hoàng Bình,378663096,buihoangbinh551@yahoo.com,1,0,Không có,1,2024-07-26 17:00:00,NULL
4655,132,Trần Thanh Long,668694931,tranthanhlong383@outlook.com,1,2,Không có,1,2024-07-20 17:00:00,NULL
4656,336,Vũ Văn Dũng,751125671,vuvandung399@vku.udn.vn,2,1,Không có,1,2024-03-13 17:00:00,NULL
4657,340,Hồ Hữu Hạnh,801856351,hohuuhanh942@yahoo.com,2,3,Không có,1,2024-04-12 17:00:00,NULL
4658,101,Ngô Hoàng Anh,822326008,ngohoanganh395@outlook.com,1,1,Không có,1,2024-06-01 17:00:00,NULL
4659,381,Hồ Quốc Hùng,837377910,hoquochung553@outlook.com,2,2,Không có,1,2024-11-23 17:00:00,NULL
4660,258,Ngô Minh Bình,549957310,ngominhbinh888@gmail.com,1,0,Không có,1,2024-02-07 17:00:00,NULL
4661,251,Đỗ Thu Bình,934036506,dothubinh433@gmail.com,2,1,Không có,1,2024-08-20 17:00:00,NULL
4662,15,Trần Minh Hương,476881914,tranminhhuong317@gmail.com,2,0,Không có,1,2024-04-06 17:00:00,NULL
4663,348,Ngô Hữu Hùng,416070149,ngohuuhung593@gmail.com,1,0,Không có,1,2024-08-21 17:00:00,NULL
4664,39,Hoàng Hải Lan,793453066,hoanghailan700@vku.udn.vn,1,0,Không có,1,2024-06-22 17:00:00,NULL
4665,368,Đỗ Hải Bình,313169872,dohaibinh588@hotmail.com,1,0,Không có,1,2024-02-20 17:00:00,NULL
4666,7,Đặng Văn Anh,738679744,dangvananh826@hotmail.com,1,2,Không có,1,2024-07-08 17:00:00,NULL
4667,399,Ngô Thu Linh,788922557,ngothulinh956@hotmail.com,3,2,Không có,1,2024-10-03 17:00:00,NULL
4668,45,Vũ Thu Mai,712690355,vuthumai740@vku.udn.vn,3,1,Không có,1,2024-02-19 17:00:00,NULL
4669,376,Nguyễn Quốc Mai,937599912,nguyenquocmai482@hotmail.com,3,3,Không có,1,2024-08-10 17:00:00,NULL
4670,140,Lý Minh Bình,468538664,lyminhbinh759@gmail.com,1,0,Không có,1,2024-06-16 17:00:00,NULL
4671,71,Hồ Hải Anh,693161880,hohaianh408@yahoo.com,1,2,Không có,1,2024-12-05 17:00:00,NULL
4672,53,Đỗ Hoàng Trang,563162410,dohoangtrang244@yahoo.com,1,3,Không có,1,2024-11-06 17:00:00,NULL
4673,27,Lê Hữu Bình,372203210,lehuubinh404@yahoo.com,2,0,Không có,1,2024-02-04 17:00:00,NULL
4674,51,Đặng Quốc Dũng,768737062,dangquocdung328@hotmail.com,3,0,Không có,1,2024-05-03 17:00:00,NULL
4675,117,Lê Thu Hương,498887958,lethuhuong28@gmail.com,1,3,Không có,1,2024-12-03 17:00:00,NULL
4676,344,Võ Văn Nam,879196799,vovannam54@hotmail.com,3,0,Không có,1,2024-01-10 17:00:00,NULL
4677,130,Đỗ Minh Long,774292727,dominhlong670@vku.udn.vn,2,0,Không có,1,2024-10-27 17:00:00,NULL
4678,80,Dương Văn Trang,412318468,duongvantrang17@yahoo.com,1,0,Không có,1,2024-12-29 17:00:00,NULL
4679,119,Dương Đức Nam,687423312,duongducnam137@outlook.com,1,2,Không có,1,2024-12-11 17:00:00,NULL
4680,9,Bùi Văn Dũng,361458049,buivandung895@gmail.com,2,1,Không có,1,2024-11-28 17:00:00,NULL
4681,397,Hoàng Văn Hùng,620571903,hoangvanhung858@vku.udn.vn,2,1,Không có,1,2024-07-27 17:00:00,NULL
4682,104,Trần Thu Hương,958740660,tranthuhuong17@vku.udn.vn,3,0,Không có,1,2024-12-27 17:00:00,NULL
4683,361,Hồ Đức Hùng,924440558,hoduchung378@outlook.com,2,1,Không có,1,2024-05-04 17:00:00,NULL
4684,360,Đỗ Hải Mai,318514813,dohaimai96@hotmail.com,3,3,Không có,1,2024-07-20 17:00:00,NULL
4685,379,Lý Minh Hạnh,452725050,lyminhhanh74@gmail.com,3,1,Không có,1,2024-04-08 17:00:00,NULL
4686,13,Vũ Minh Hạnh,782840959,vuminhhanh429@yahoo.com,1,1,Không có,1,2024-02-18 17:00:00,NULL
4687,336,Vũ Văn Dũng,751125671,vuvandung399@vku.udn.vn,2,3,Không có,1,2024-10-19 17:00:00,NULL
4688,269,Ngô Minh Phong,988227492,ngominhphong349@gmail.com,3,2,Không có,1,2024-11-09 17:00:00,NULL
4689,18,Vũ Đức Nam,443411260,vuducnam723@hotmail.com,3,2,Không có,1,2024-10-11 17:00:00,NULL
4690,73,Phan Hữu Anh,917527935,phanhuuanh12@yahoo.com,3,2,Không có,1,2024-02-18 17:00:00,NULL
4691,18,Vũ Hải Long,928876840,vuhailong1@vku.udn.vn,2,3,Không có,1,2024-10-03 17:00:00,NULL
4692,21,Đặng Thu Nam,766588448,dangthunam533@gmail.com,3,0,Không có,1,2024-05-06 17:00:00,NULL
4693,74,Hoàng Hoàng Nam,372291692,hoanghoangnam377@outlook.com,3,0,Không có,1,2024-06-03 17:00:00,NULL
4694,328,Lý Thị Phong,756497252,lythiphong225@yahoo.com,1,0,Không có,1,2024-11-27 17:00:00,NULL
4695,80,Vũ Thị Anh,437345273,vuthianh60@outlook.com,2,0,Không có,1,2024-08-29 17:00:00,NULL
4696,20,Lý Hữu Mai,967934941,lyhuumai801@yahoo.com,2,0,Không có,1,2024-05-29 17:00:00,NULL
4697,381,Hồ Quốc Hùng,837377910,hoquochung553@outlook.com,3,0,Không có,1,2024-05-24 17:00:00,NULL
4698,58,Ngô Đức Nga,839143791,ngoducnga546@gmail.com,2,0,Không có,1,2024-10-23 17:00:00,NULL
4699,19,Trần Thanh Nam,501465409,tranthanhnam286@outlook.com,2,1,Không có,1,2024-12-04 17:00:00,NULL
4700,341,Nguyễn Quốc Trang,906011277,nguyenquoctrang679@gmail.com,1,0,Không có,1,2024-06-29 17:00:00,NULL
4701,392,Đỗ Hoàng Phong,556943695,dohoangphong727@yahoo.com,3,0,Không có,1,2024-05-18 17:00:00,NULL
4702,261,Võ Quốc Hùng,987194506,voquochung705@vku.udn.vn,1,2,Không có,1,2024-07-12 17:00:00,NULL
4703,269,Ngô Minh Phong,988227492,ngominhphong349@gmail.com,2,2,Không có,1,2024-05-21 17:00:00,NULL
4704,396,Đặng Hữu Hạnh,374958005,danghuuhanh283@outlook.com,1,0,Không có,1,2024-11-24 17:00:00,NULL
4705,124,Phạm Quốc Hạnh,921345666,phamquochanh266@gmail.com,2,1,Không có,1,2024-11-29 17:00:00,NULL
4706,313,Đỗ Đức Linh,652468587,doduclinh286@gmail.com,2,1,Không có,1,2024-10-05 17:00:00,NULL
4707,132,Trần Hữu Mai,421454769,tranhuumai497@yahoo.com,2,1,Không có,1,2024-09-15 17:00:00,NULL
4708,381,Hồ Quốc Hùng,837377910,hoquochung553@outlook.com,1,3,Không có,1,2024-03-10 17:00:00,NULL
4709,137,Đặng Minh Lan,849240243,dangminhlan386@vku.udn.vn,3,2,Không có,1,2024-04-06 17:00:00,NULL
4710,123,Trần Hoàng Hùng,517855420,tranhoanghung58@yahoo.com,2,2,Không có,1,2024-02-13 17:00:00,NULL
4711,329,Võ Văn Nga,567574609,vovannga940@gmail.com,3,2,Không có,1,2024-06-22 17:00:00,NULL
4712,264,Vũ Hải Cường,584412919,vuhaicuong143@yahoo.com,1,0,Không có,1,2024-06-30 17:00:00,NULL
4713,331,Bùi Thu Linh,888273030,buithulinh457@yahoo.com,3,2,Không có,1,2024-08-20 17:00:00,NULL
4714,263,Trần Đức Hương,909004943,tranduchuong898@hotmail.com,1,1,Không có,1,2024-04-17 17:00:00,NULL
4715,69,Phạm Thị Long,429572051,phamthilong605@hotmail.com,3,3,Không có,1,2024-03-29 17:00:00,NULL
4716,63,Đỗ Thu Anh,374990436,dothuanh584@outlook.com,1,0,Không có,1,2024-01-03 17:00:00,NULL
4717,82,Nguyễn Quốc Lan,818296525,nguyenquoclan483@yahoo.com,1,2,Không có,1,2024-04-27 17:00:00,NULL
4718,250,Đỗ Thị Anh,595310485,dothianh251@yahoo.com,3,0,Không có,1,2024-07-22 17:00:00,NULL
4719,83,Võ Thị Nga,747664522,vothinga309@hotmail.com,1,3,Không có,1,2024-03-06 17:00:00,NULL
4720,328,Lý Thị Phong,756497252,lythiphong225@yahoo.com,3,0,Không có,1,2024-12-02 17:00:00,NULL
4721,300,Nguyễn Thu Hùng,411225158,nguyenthuhung962@yahoo.com,3,1,Không có,1,2024-01-12 17:00:00,NULL
4722,82,Đỗ Thu Nga,975214110,dothunga845@gmail.com,2,3,Không có,1,2024-12-16 17:00:00,NULL
4723,125,Lý Văn Nam,359037037,lyvannam466@hotmail.com,2,3,Không có,1,2024-06-10 17:00:00,NULL
4724,335,Hồ Đức Bình,745461013,hoducbinh418@hotmail.com,2,2,Không có,1,2024-08-20 17:00:00,NULL
4725,67,Lý Hoàng Hương,690656757,lyhoanghuong773@outlook.com,2,0,Không có,1,2024-02-10 17:00:00,NULL
4726,355,Phan Đức Hạnh,393053577,phanduchanh286@outlook.com,1,0,Không có,1,2024-06-03 17:00:00,NULL
4727,339,Phạm Minh Linh,821454127,phamminhlinh30@outlook.com,2,3,Không có,1,2024-02-06 17:00:00,NULL
4728,332,Hoàng Đức Hạnh,984683755,hoangduchanh284@vku.udn.vn,2,0,Không có,1,2024-05-31 17:00:00,NULL
4729,15,Đỗ Thanh Hạnh,535678469,dothanhhanh1@hotmail.com,1,2,Không có,1,2024-06-02 17:00:00,NULL
4730,21,Nguyễn Đức Cường,618539137,nguyenduccuong760@yahoo.com,3,2,Không có,1,2024-02-26 17:00:00,NULL
4731,22,Bùi Minh Anh,913147113,buiminhanh549@gmail.com,1,1,Không có,1,2024-06-24 17:00:00,NULL
4732,258,Ngô Minh Bình,549957310,ngominhbinh888@gmail.com,3,1,Không có,1,2024-08-24 17:00:00,NULL
4733,299,Lê Hải Hạnh,883275843,lehaihanh721@hotmail.com,3,1,Không có,1,2024-11-02 17:00:00,NULL
4734,30,Lê Minh Cường,759573230,leminhcuong565@gmail.com,3,0,Không có,1,2024-04-13 17:00:00,NULL
4735,106,Võ Hoàng Hạnh,694242711,vohoanghanh815@yahoo.com,3,2,Không có,1,2024-02-14 17:00:00,NULL
4736,298,Lê Thanh Hương,373864104,lethanhhuong901@yahoo.com,2,0,Không có,1,2024-07-12 17:00:00,NULL
4737,51,Vũ Quốc Long,754621679,vuquoclong31@hotmail.com,3,1,Không có,1,2024-06-13 17:00:00,NULL
4738,112,Vũ Hoàng Nam,314410412,vuhoangnam974@gmail.com,3,3,Không có,1,2024-05-04 17:00:00,NULL
4739,6,Phan Hải Hương,321898788,phanhaihuong682@gmail.com,3,0,Không có,1,2024-01-15 17:00:00,NULL
4740,44,Đỗ Thị Nam,868008088,dothinam557@outlook.com,3,0,Không có,1,2024-01-26 17:00:00,NULL
4741,32,Đỗ Đức Hùng,526230171,doduchung624@yahoo.com,1,3,Không có,1,2024-04-24 17:00:00,NULL
4742,91,Vũ Thị Dũng,827556941,vuthidung139@yahoo.com,2,3,Không có,1,2024-06-17 17:00:00,NULL
4743,399,Ngô Thu Linh,788922557,ngothulinh956@hotmail.com,1,3,Không có,1,2024-05-31 17:00:00,NULL
4744,330,Ngô Hải Long,870298515,ngohailong573@vku.udn.vn,3,3,Không có,1,2024-07-12 17:00:00,NULL
4745,23,Phạm Hải Nam,752671643,phamhainam335@gmail.com,1,0,Không có,1,2024-04-10 17:00:00,NULL
4746,33,Dương Thanh Long,971282731,duongthanhlong942@outlook.com,1,1,Không có,1,2024-02-26 17:00:00,NULL
4747,89,Võ Đức Cường,731059268,voduccuong947@yahoo.com,3,2,Không có,1,2024-05-15 17:00:00,NULL
4748,257,Lý Thanh Trang,506468299,lythanhtrang722@gmail.com,3,3,Không có,1,2024-06-17 17:00:00,NULL
4749,138,Bùi Thu Long,368776934,buithulong94@outlook.com,1,0,Không có,1,2024-10-11 17:00:00,NULL
4750,252,Phạm Đức Nga,946412689,phamducnga28@vku.udn.vn,3,0,Không có,1,2024-04-26 17:00:00,NULL
4751,272,Lê Thanh Phong,473461957,lethanhphong553@vku.udn.vn,2,3,Không có,1,2024-03-06 17:00:00,NULL
4752,111,Hoàng Đức Mai,307510235,hoangducmai872@yahoo.com,2,0,Không có,1,2024-04-23 17:00:00,NULL
4753,314,Đỗ Thu Linh,875757257,dothulinh340@gmail.com,1,1,Không có,1,2024-07-13 17:00:00,NULL
4754,383,Nguyễn Thị Dũng,917615339,nguyenthidung602@gmail.com,1,0,Không có,1,2024-01-04 17:00:00,NULL
4755,390,Bùi Hải Long,774637858,buihailong779@gmail.com,3,2,Không có,1,2024-12-28 17:00:00,NULL
4756,313,Đỗ Đức Linh,652468587,doduclinh286@gmail.com,1,0,Không có,1,2024-12-02 17:00:00,NULL
4757,379,Lý Minh Hạnh,452725050,lyminhhanh74@gmail.com,3,3,Không có,1,2024-03-01 17:00:00,NULL
4758,383,Nguyễn Thị Dũng,917615339,nguyenthidung602@gmail.com,3,0,Không có,1,2024-04-27 17:00:00,NULL
4759,299,Lê Hải Hạnh,883275843,lehaihanh721@hotmail.com,3,1,Không có,1,2024-04-03 17:00:00,NULL
4760,98,Vũ Văn Linh,608126010,vuvanlinh724@vku.udn.vn,2,1,Không có,1,2024-05-21 17:00:00,NULL
4761,353,Hồ Hữu Linh,489125618,hohuulinh752@vku.udn.vn,1,3,Không có,1,2024-07-15 17:00:00,NULL
4762,332,Hoàng Đức Hạnh,984683755,hoangduchanh284@vku.udn.vn,1,0,Không có,1,2024-05-30 17:00:00,NULL
4763,364,Hồ Thu Phong,498803134,hothuphong197@yahoo.com,3,0,Không có,1,2024-05-24 17:00:00,NULL
4764,45,Hồ Thị Nga,776077814,hothinga422@outlook.com,3,0,Không có,1,2024-08-29 17:00:00,NULL
4765,251,Đỗ Thu Bình,934036506,dothubinh433@gmail.com,1,2,Không có,1,2024-10-11 17:00:00,NULL
4766,374,Nguyễn Hoàng Nam,406551233,nguyenhoangnam971@yahoo.com,3,1,Không có,1,2024-04-20 17:00:00,NULL
4767,329,Võ Văn Nga,567574609,vovannga940@gmail.com,2,0,Không có,1,2024-04-28 17:00:00,NULL
4768,267,Ngô Quốc Trang,368212356,ngoquoctrang395@outlook.com,1,3,Không có,1,2024-11-23 17:00:00,NULL
4769,149,Hồ Thị Hùng,533850466,hothihung225@hotmail.com,3,0,Không có,1,2024-06-27 17:00:00,NULL
4770,38,Phạm Minh Trang,855288671,phamminhtrang291@yahoo.com,1,0,Không có,1,2024-07-02 17:00:00,NULL
4771,72,Hoàng Hữu Dũng,414700954,hoanghuudung406@vku.udn.vn,2,3,Không có,1,2024-08-15 17:00:00,NULL
4772,43,Bùi Văn Bình,429825856,buivanbinh164@outlook.com,2,0,Không có,1,2024-07-04 17:00:00,NULL
4773,391,Đặng Hữu Hương,609268943,danghuuhuong449@outlook.com,1,0,Không có,1,2024-08-14 17:00:00,NULL
4774,308,Đỗ Thị Lan,901170349,dothilan906@outlook.com,2,0,Không có,1,2024-05-18 17:00:00,NULL
4775,90,Phạm Thanh Phong,425882137,phamthanhphong296@yahoo.com,1,0,Không có,1,2024-02-08 17:00:00,NULL
4776,353,Hồ Hữu Linh,489125618,hohuulinh752@vku.udn.vn,3,1,Không có,1,2024-06-06 17:00:00,NULL
4777,48,Lê Hoàng Mai,356213297,lehoangmai409@outlook.com,2,0,Không có,1,2024-08-30 17:00:00,NULL
4778,320,Hồ Minh Nga,436674237,hominhnga197@outlook.com,2,0,Không có,1,2024-10-25 17:00:00,NULL
4779,41,Lê Quốc Dũng,563416565,lequocdung471@yahoo.com,3,0,Không có,1,2024-10-02 17:00:00,NULL
4780,299,Lê Hải Hạnh,883275843,lehaihanh721@hotmail.com,1,1,Không có,1,2024-05-23 17:00:00,NULL
4781,309,Lý Đức Hạnh,474484941,lyduchanh820@yahoo.com,2,0,Không có,1,2024-09-19 17:00:00,NULL
4782,118,Hoàng Hoàng Nam,448055639,hoanghoangnam539@vku.udn.vn,1,3,Không có,1,2024-11-02 17:00:00,NULL
4783,298,Lê Thanh Hương,373864104,lethanhhuong901@yahoo.com,2,1,Không có,1,2024-08-23 17:00:00,NULL
4784,122,Phạm Thanh Dũng,649889497,phamthanhdung470@hotmail.com,3,1,Không có,1,2024-12-14 17:00:00,NULL
4785,341,Nguyễn Quốc Trang,906011277,nguyenquoctrang679@gmail.com,1,1,Không có,1,2024-01-14 17:00:00,NULL
4786,341,Nguyễn Quốc Trang,906011277,nguyenquoctrang679@gmail.com,1,2,Không có,1,2024-04-06 17:00:00,NULL
4787,321,Đỗ Hữu Trang,911072118,dohuutrang309@outlook.com,3,0,Không có,1,2024-08-11 17:00:00,NULL
4788,255,Vũ Thị Lan,669319644,vuthilan619@hotmail.com,2,3,Không có,1,2024-02-14 17:00:00,NULL
4789,387,Vũ Hải Hùng,729982328,vuhaihung834@vku.udn.vn,3,0,Không có,1,2024-07-21 17:00:00,NULL
4790,17,Hồ Đức Long,460463919,hoduclong836@hotmail.com,2,3,Không có,1,2024-07-01 17:00:00,NULL
4791,321,Đỗ Hữu Trang,911072118,dohuutrang309@outlook.com,3,2,Không có,1,2024-05-11 17:00:00,NULL
4792,397,Hoàng Văn Hùng,620571903,hoangvanhung858@vku.udn.vn,3,0,Không có,1,2024-04-04 17:00:00,NULL
4793,284,Nguyễn Quốc Nam,664323393,nguyenquocnam820@gmail.com,1,0,Không có,1,2024-10-24 17:00:00,NULL
4794,298,Lê Thanh Hương,373864104,lethanhhuong901@yahoo.com,3,0,Không có,1,2024-12-14 17:00:00,NULL
4795,149,Đặng Thu Nga,776469398,dangthunga374@hotmail.com,1,2,Không có,1,2024-04-16 17:00:00,NULL
4796,89,Hoàng Đức Hạnh,533781214,hoangduchanh792@hotmail.com,3,0,Không có,1,2024-01-22 17:00:00,NULL
4797,65,Phạm Quốc Dũng,403290423,phamquocdung921@gmail.com,2,3,Không có,1,2024-01-31 17:00:00,NULL
4798,65,Dương Minh Hùng,324298184,duongminhhung52@vku.udn.vn,1,0,Không có,1,2024-09-29 17:00:00,NULL
4799,104,Nguyễn Thanh Long,571396374,nguyenthanhlong239@yahoo.com,1,0,Không có,1,2024-04-27 17:00:00,NULL
4800,338,Dương Quốc Nga,886405096,duongquocnga820@vku.udn.vn,2,0,Không có,1,2024-12-28 17:00:00,NULL
4801,136,Phan Hữu Long,385459922,phanhuulong325@gmail.com,3,0,Không có,1,2024-03-25 17:00:00,NULL
4802,341,Nguyễn Quốc Trang,906011277,nguyenquoctrang679@gmail.com,2,2,Không có,1,2024-03-11 17:00:00,NULL
4803,42,Lý Văn Nam,820554686,lyvannam316@hotmail.com,1,1,Không có,1,2024-11-02 17:00:00,NULL
4804,297,Bùi Hoàng Bình,378663096,buihoangbinh551@yahoo.com,3,0,Không có,1,2024-10-21 17:00:00,NULL
4805,360,Đỗ Hải Mai,318514813,dohaimai96@hotmail.com,2,0,Không có,1,2024-01-04 17:00:00,NULL
4806,313,Đỗ Đức Linh,652468587,doduclinh286@gmail.com,1,0,Không có,1,2024-01-15 17:00:00,NULL
4807,74,Phan Minh Lan,879800691,phanminhlan606@hotmail.com,1,1,Không có,1,2024-10-14 17:00:00,NULL
4808,71,Võ Hữu Lan,504036314,vohuulan63@vku.udn.vn,1,3,Không có,1,2024-09-09 17:00:00,NULL
4809,115,Ngô Hữu Nga,568720863,ngohuunga115@yahoo.com,3,1,Không có,1,2024-03-12 17:00:00,NULL
4810,266,Đặng Hải Bình,350590821,danghaibinh882@gmail.com,1,0,Không có,1,2024-01-16 17:00:00,NULL
4811,266,Đặng Hải Bình,350590821,danghaibinh882@gmail.com,3,2,Không có,1,2024-03-28 17:00:00,NULL
4812,358,Lý Hoàng Nam,596641124,lyhoangnam570@gmail.com,2,0,Không có,1,2024-04-20 17:00:00,NULL
4813,258,Ngô Minh Bình,549957310,ngominhbinh888@gmail.com,3,3,Không có,1,2024-06-13 17:00:00,NULL
4814,78,Dương Văn Mai,895189686,duongvanmai276@vku.udn.vn,3,0,Không có,1,2024-07-24 17:00:00,NULL
4815,9,Võ Thanh Cường,509803126,vothanhcuong118@outlook.com,2,2,Không có,1,2024-01-16 17:00:00,NULL
4816,373,Lý Hải Hùng,931924051,lyhaihung440@hotmail.com,2,3,Không có,1,2024-07-08 17:00:00,NULL
4817,63,Nguyễn Đức Phong,744058198,nguyenducphong481@yahoo.com,1,0,Không có,1,2024-09-10 17:00:00,NULL
4818,98,Ngô Thị Mai,914901034,ngothimai603@yahoo.com,2,0,Không có,1,2024-11-14 17:00:00,NULL
4819,364,Hồ Thu Phong,498803134,hothuphong197@yahoo.com,1,3,Không có,1,2024-02-05 17:00:00,NULL
4820,52,Đỗ Hải Dũng,687851587,dohaidung91@gmail.com,3,3,Không có,1,2024-01-18 17:00:00,NULL
4821,310,Lê Thanh Phong,742073642,lethanhphong822@yahoo.com,2,2,Không có,1,2024-02-08 17:00:00,NULL
4822,143,Phan Thị Lan,967715317,phanthilan859@outlook.com,3,0,Không có,1,2024-01-03 17:00:00,NULL
4823,399,Ngô Thu Linh,788922557,ngothulinh956@hotmail.com,2,1,Không có,1,2024-09-15 17:00:00,NULL
4824,326,Võ Hoàng Hạnh,378198716,vohoanghanh467@outlook.com,1,0,Không có,1,2024-12-30 17:00:00,NULL
4825,274,Nguyễn Đức Hương,909194872,nguyenduchuong970@gmail.com,1,2,Không có,1,2024-04-19 17:00:00,NULL
4826,269,Ngô Minh Phong,988227492,ngominhphong349@gmail.com,1,0,Không có,1,2024-08-15 17:00:00,NULL
4827,262,Dương Văn Dũng,334467368,duongvandung825@hotmail.com,3,0,Không có,1,2024-08-08 17:00:00,NULL
4828,70,Phạm Hoàng Hạnh,498092947,phamhoanghanh838@gmail.com,1,0,Không có,1,2024-01-16 17:00:00,NULL
4829,47,Hồ Đức Cường,676519865,hoduccuong639@outlook.com,2,0,Không có,1,2024-03-20 17:00:00,NULL
4830,120,Võ Thu Hạnh,444776673,vothuhanh786@hotmail.com,3,1,Không có,1,2024-09-22 17:00:00,NULL
4831,81,Hồ Minh Cường,353679396,hominhcuong674@vku.udn.vn,3,0,Không có,1,2024-12-16 17:00:00,NULL
4832,57,Võ Minh Nga,445683812,vominhnga51@hotmail.com,1,3,Không có,1,2024-01-10 17:00:00,NULL
4833,31,Dương Hải Mai,724744683,duonghaimai115@vku.udn.vn,3,1,Không có,1,2024-08-03 17:00:00,NULL
4834,276,Đặng Hữu Hùng,866585408,danghuuhung894@vku.udn.vn,3,2,Không có,1,2024-05-15 17:00:00,NULL
4835,284,Nguyễn Quốc Nam,664323393,nguyenquocnam820@gmail.com,2,1,Không có,1,2024-06-09 17:00:00,NULL
4836,330,Ngô Hải Long,870298515,ngohailong573@vku.udn.vn,1,0,Không có,1,2024-03-28 17:00:00,NULL
4837,48,Hoàng Thanh Nga,747448740,hoangthanhnga692@hotmail.com,3,3,Không có,1,2024-10-09 17:00:00,NULL
4838,354,Bùi Thu Phong,819151495,buithuphong477@outlook.com,3,0,Không có,1,2024-07-06 17:00:00,NULL
4839,8,Đặng Quốc Bình,405797952,dangquocbinh519@yahoo.com,1,3,Không có,1,2024-07-19 17:00:00,NULL
4840,134,Trần Hữu Bình,434781986,tranhuubinh787@outlook.com,2,0,Không có,1,2024-05-11 17:00:00,NULL
4841,335,Hồ Đức Bình,745461013,hoducbinh418@hotmail.com,3,2,Không có,1,2024-08-02 17:00:00,NULL
4842,102,Ngô Thu Dũng,630730943,ngothudung994@vku.udn.vn,2,0,Không có,1,2024-05-01 17:00:00,NULL
4843,326,Võ Hoàng Hạnh,378198716,vohoanghanh467@outlook.com,2,0,Không có,1,2024-12-08 17:00:00,NULL
4844,347,Võ Minh Phong,696098177,vominhphong172@vku.udn.vn,3,3,Không có,1,2024-04-07 17:00:00,NULL
4845,334,Lý Thu Bình,448578017,lythubinh155@yahoo.com,2,3,Không có,1,2024-03-18 17:00:00,NULL
4846,255,Vũ Thị Lan,669319644,vuthilan619@hotmail.com,1,1,Không có,1,2024-07-10 17:00:00,NULL
4847,85,Lê Hoàng Lan,996938716,lehoanglan259@vku.udn.vn,2,0,Không có,1,2024-12-19 17:00:00,NULL
4848,319,Hồ Minh Nga,632091877,hominhnga683@outlook.com,1,1,Không có,1,2024-08-29 17:00:00,NULL
4849,342,Lê Hải Cường,353992714,lehaicuong267@outlook.com,2,0,Không có,1,2024-04-26 17:00:00,NULL
4850,276,Đặng Hữu Hùng,866585408,danghuuhung894@vku.udn.vn,2,0,Không có,1,2024-07-26 17:00:00,NULL
4851,277,Lý Thu Phong,515984311,lythuphong731@hotmail.com,2,0,Không có,1,2024-07-20 17:00:00,NULL
4852,32,Nguyễn Hải Trang,363780357,nguyenhaitrang472@hotmail.com,3,1,Không có,1,2024-08-11 17:00:00,NULL
4853,398,Dương Hữu Mai,878296492,duonghuumai496@hotmail.com,1,0,Không có,1,2024-10-16 17:00:00,NULL
4854,302,Phạm Thanh Dũng,981007818,phamthanhdung874@hotmail.com,2,0,Không có,1,2024-12-05 17:00:00,NULL
4855,126,Phan Hải Lan,369617374,phanhailan234@vku.udn.vn,2,3,Không có,1,2024-05-02 17:00:00,NULL
4856,121,Hoàng Thu Bình,792352143,hoangthubinh806@gmail.com,1,0,Không có,1,2024-07-21 17:00:00,NULL
4857,109,Nguyễn Thu Lan,484600397,nguyenthulan360@hotmail.com,1,1,Không có,1,2024-11-21 17:00:00,NULL
4858,351,Phan Thu Linh,697897455,phanthulinh71@vku.udn.vn,1,0,Không có,1,2024-06-21 17:00:00,NULL
4859,71,Hồ Thu Bình,500129352,hothubinh13@yahoo.com,1,0,Không có,1,2024-06-01 17:00:00,NULL
4860,260,Hồ Thị Trang,981802744,hothitrang176@vku.udn.vn,2,0,Không có,1,2024-09-06 17:00:00,NULL
4861,117,Nguyễn Văn Lan,550188136,nguyenvanlan474@yahoo.com,3,0,Không có,1,2024-05-14 17:00:00,NULL
4862,108,Lê Hoàng Hương,891117376,lehoanghuong594@outlook.com,1,3,Không có,1,2024-04-25 17:00:00,NULL
4863,82,Lý Quốc Hương,909557882,lyquochuong540@outlook.com,1,1,Không có,1,2024-12-08 17:00:00,NULL
4864,282,Bùi Hải Dũng,807850824,buihaidung827@outlook.com,3,3,Không có,1,2024-10-12 17:00:00,NULL
4865,271,Lý Thị Hạnh,971410971,lythihanh306@vku.udn.vn,3,0,Không có,1,2024-01-26 17:00:00,NULL
4866,373,Lý Hải Hùng,931924051,lyhaihung440@hotmail.com,3,0,Không có,1,2024-05-03 17:00:00,NULL
4867,352,Nguyễn Quốc Hạnh,826350075,nguyenquochanh109@outlook.com,1,3,Không có,1,2024-04-04 17:00:00,NULL
4868,342,Lê Hải Cường,353992714,lehaicuong267@outlook.com,1,2,Không có,1,2024-09-26 17:00:00,NULL
4869,89,Ngô Quốc Nam,665010899,ngoquocnam299@gmail.com,1,2,Không có,1,2024-05-26 17:00:00,NULL
4870,132,Bùi Hữu Hương,993839840,buihuuhuong753@vku.udn.vn,1,0,Không có,1,2024-04-03 17:00:00,NULL
4871,141,Nguyễn Thu Mai,570543287,nguyenthumai719@yahoo.com,1,0,Không có,1,2024-08-02 17:00:00,NULL
4872,36,Phạm Quốc Lan,767515527,phamquoclan754@hotmail.com,2,0,Không có,1,2024-12-27 17:00:00,NULL
4873,103,Nguyễn Đức Anh,448320818,nguyenducanh599@yahoo.com,3,2,Không có,1,2024-11-10 17:00:00,NULL
4874,117,Vũ Quốc Trang,356985225,vuquoctrang321@vku.udn.vn,3,0,Không có,1,2024-06-01 17:00:00,NULL
4875,141,Võ Hoàng Cường,354022034,vohoangcuong712@yahoo.com,1,0,Không có,1,2024-06-07 17:00:00,NULL
4876,372,Bùi Hoàng Phong,964021648,buihoangphong232@vku.udn.vn,2,3,Không có,1,2024-09-30 17:00:00,NULL
4877,18,Hồ Quốc Hạnh,704398711,hoquochanh264@vku.udn.vn,2,0,Không có,1,2024-08-08 17:00:00,NULL
4878,352,Nguyễn Quốc Hạnh,826350075,nguyenquochanh109@outlook.com,2,0,Không có,1,2024-09-12 17:00:00,NULL
4879,266,Đặng Hải Bình,350590821,danghaibinh882@gmail.com,1,0,Không có,1,2024-02-08 17:00:00,NULL
4880,32,Võ Thu Nam,460970978,vothunam896@yahoo.com,3,0,Không có,1,2024-11-24 17:00:00,NULL
4881,84,Lý Thanh Hùng,969095681,lythanhhung148@outlook.com,3,3,Không có,1,2024-12-24 17:00:00,NULL
4882,374,Nguyễn Hoàng Nam,406551233,nguyenhoangnam971@yahoo.com,2,2,Không có,1,2024-11-09 17:00:00,NULL
4883,99,Lê Hải Nga,511412338,lehainga359@outlook.com,1,0,Không có,1,2024-12-25 17:00:00,NULL
4884,329,Võ Văn Nga,567574609,vovannga940@gmail.com,3,1,Không có,1,2024-11-25 17:00:00,NULL
4885,126,Phan Văn Cường,730837904,phanvancuong100@vku.udn.vn,2,0,Không có,1,2024-11-18 17:00:00,NULL
4886,312,Dương Hải Lan,627696198,duonghailan841@yahoo.com,3,0,Không có,1,2024-10-08 17:00:00,NULL
4887,271,Lý Thị Hạnh,971410971,lythihanh306@vku.udn.vn,3,1,Không có,1,2024-01-05 17:00:00,NULL
4888,253,Vũ Đức Mai,932719211,vuducmai285@gmail.com,1,1,Không có,1,2024-07-03 17:00:00,NULL
4889,47,Lê Hữu Dũng,568175980,lehuudung683@yahoo.com,2,3,Không có,1,2024-02-12 17:00:00,NULL
4890,274,Nguyễn Đức Hương,909194872,nguyenduchuong970@gmail.com,2,0,Không có,1,2024-08-30 17:00:00,NULL
4891,363,Hoàng Minh Hùng,547538338,hoangminhhung124@yahoo.com,2,3,Không có,1,2024-04-04 17:00:00,NULL
4892,378,Đỗ Đức Linh,423240112,doduclinh558@yahoo.com,3,0,Không có,1,2024-10-31 17:00:00,NULL
4893,374,Nguyễn Hoàng Nam,406551233,nguyenhoangnam971@yahoo.com,3,0,Không có,1,2024-10-20 17:00:00,NULL
4894,124,Nguyễn Văn Nam,582426495,nguyenvannam832@outlook.com,3,1,Không có,1,2024-01-04 17:00:00,NULL
4895,90,Hồ Quốc Linh,506862493,hoquoclinh584@vku.udn.vn,1,0,Không có,1,2024-09-26 17:00:00,NULL
4896,49,Đỗ Thu Cường,468815057,dothucuong863@outlook.com,3,1,Không có,1,2024-07-04 17:00:00,NULL
4897,14,Dương Văn Bình,595338681,duongvanbinh729@yahoo.com,1,0,Không có,1,2024-03-26 17:00:00,NULL
4898,5,Hoàng Hải Hạnh,462605413,hoanghaihanh32@hotmail.com,1,3,Không có,1,2024-08-31 17:00:00,NULL
4899,289,Hoàng Hải Hùng,754200826,hoanghaihung714@vku.udn.vn,1,3,Không có,1,2024-03-16 17:00:00,NULL
4900,384,Bùi Văn Phong,488109614,buivanphong482@vku.udn.vn,1,0,Không có,1,2024-03-11 17:00:00,NULL
4901,127,Võ Minh Hùng,450553798,vominhhung962@gmail.com,3,0,Không có,1,2024-05-03 17:00:00,NULL
4902,110,Ngô Thanh Nga,717126734,ngothanhnga772@gmail.com,2,0,Không có,1,2024-04-14 17:00:00,NULL
4903,123,Vũ Đức Hạnh,834660989,vuduchanh324@gmail.com,2,0,Không có,1,2024-01-04 17:00:00,NULL
4904,58,Đỗ Văn Trang,562009643,dovantrang966@hotmail.com,1,0,Không có,1,2024-08-26 17:00:00,NULL
4905,139,Hồ Thu Trang,647823326,hothutrang21@yahoo.com,2,1,Không có,1,2024-07-19 17:00:00,NULL
4906,48,Ngô Thu Nam,853161833,ngothunam939@outlook.com,3,0,Không có,1,2024-07-11 17:00:00,NULL
4907,51,Hoàng Thanh Linh,411588361,hoangthanhlinh728@hotmail.com,2,0,Không có,1,2024-07-20 17:00:00,NULL
4908,48,Phạm Thu Cường,852663577,phamthucuong160@hotmail.com,1,0,Không có,1,2024-02-07 17:00:00,NULL
4909,20,Hồ Hữu Long,750607683,hohuulong556@gmail.com,2,0,Không có,1,2024-12-08 17:00:00,NULL
4910,54,Dương Thu Cường,748475843,duongthucuong298@outlook.com,3,0,Không có,1,2024-05-28 17:00:00,NULL
4911,27,Hoàng Hoàng Linh,830601845,hoanghoanglinh488@outlook.com,2,3,Không có,1,2024-07-14 17:00:00,NULL
4912,65,Đỗ Hải Trang,549350906,dohaitrang877@hotmail.com,1,3,Không có,1,2024-07-23 17:00:00,NULL
4913,119,Bùi Đức Long,813477476,buiduclong465@yahoo.com,2,0,Không có,1,2024-09-30 17:00:00,NULL
4914,113,Đỗ Hải Long,621533680,dohailong568@hotmail.com,3,3,Không có,1,2024-01-11 17:00:00,NULL
4915,29,Phạm Quốc Hùng,494409217,phamquochung843@outlook.com,3,2,Không có,1,2024-05-05 17:00:00,NULL
4916,260,Hồ Thị Trang,981802744,hothitrang176@vku.udn.vn,2,0,Không có,1,2024-04-23 17:00:00,NULL
4917,353,Hồ Hữu Linh,489125618,hohuulinh752@vku.udn.vn,3,0,Không có,1,2024-12-07 17:00:00,NULL
4918,314,Đỗ Thu Linh,875757257,dothulinh340@gmail.com,3,0,Không có,1,2024-05-24 17:00:00,NULL
4919,63,Hồ Thu Dũng,413858508,hothudung884@hotmail.com,1,0,Không có,1,2024-01-08 17:00:00,NULL
4920,138,Phan Hữu Mai,391253079,phanhuumai283@yahoo.com,1,2,Không có,1,2024-11-30 17:00:00,NULL
4921,383,Nguyễn Thị Dũng,917615339,nguyenthidung602@gmail.com,1,0,Không có,1,2024-04-05 17:00:00,NULL
4922,365,Hồ Hoàng Phong,863324548,hohoangphong612@hotmail.com,3,1,Không có,1,2024-01-15 17:00:00,NULL
4923,76,Hoàng Thu Anh,486903846,hoangthuanh240@gmail.com,2,0,Không có,1,2024-06-10 17:00:00,NULL
4924,279,Nguyễn Hoàng Nga,547083812,nguyenhoangnga603@yahoo.com,3,0,Không có,1,2024-11-03 17:00:00,NULL
4925,250,Đỗ Thị Anh,595310485,dothianh251@yahoo.com,1,0,Không có,1,2024-08-14 17:00:00,NULL
4926,291,Nguyễn Thanh Anh,353839920,nguyenthanhanh599@outlook.com,3,0,Không có,1,2024-12-27 17:00:00,NULL
4927,11,Hồ Thị Mai,686611511,hothimai164@yahoo.com,2,0,Không có,1,2024-08-31 17:00:00,NULL
4928,363,Hoàng Minh Hùng,547538338,hoangminhhung124@yahoo.com,1,0,Không có,1,2024-10-25 17:00:00,NULL
4929,332,Hoàng Đức Hạnh,984683755,hoangduchanh284@vku.udn.vn,2,3,Không có,1,2024-06-04 17:00:00,NULL
4930,136,Đỗ Đức Trang,611935317,doductrang647@outlook.com,1,0,Không có,1,2024-12-05 17:00:00,NULL
4931,107,Dương Hoàng Dũng,983452321,duonghoangdung563@outlook.com,3,0,Không có,1,2024-03-26 17:00:00,NULL
4932,101,Phan Thanh Dũng,871079802,phanthanhdung986@gmail.com,3,3,Không có,1,2024-06-15 17:00:00,NULL
4933,274,Nguyễn Đức Hương,909194872,nguyenduchuong970@gmail.com,2,1,Không có,1,2024-02-19 17:00:00,NULL
4934,305,Đặng Văn Bình,380792472,dangvanbinh968@yahoo.com,1,1,Không có,1,2024-04-10 17:00:00,NULL
4935,272,Lê Thanh Phong,473461957,lethanhphong553@vku.udn.vn,3,0,Không có,1,2024-12-28 17:00:00,NULL
4936,79,Vũ Minh Linh,725439777,vuminhlinh805@gmail.com,1,0,Không có,1,2024-01-29 17:00:00,NULL
4937,270,Lê Hải Anh,582811832,lehaianh996@vku.udn.vn,1,3,Không có,1,2024-09-29 17:00:00,NULL
4938,340,Hồ Hữu Hạnh,801856351,hohuuhanh942@yahoo.com,2,0,Không có,1,2024-07-20 17:00:00,NULL
4939,72,Hồ Đức Nam,912511391,hoducnam704@hotmail.com,1,0,Không có,1,2024-08-21 17:00:00,NULL
4940,133,Trần Hải Bình,326893288,tranhaibinh259@hotmail.com,1,0,Không có,1,2024-10-28 17:00:00,NULL
4941,57,Vũ Thị Lan,965638800,vuthilan284@gmail.com,3,3,Không có,1,2024-07-15 17:00:00,NULL
4942,32,Hồ Hữu Cường,688698475,hohuucuong96@outlook.com,3,2,Không có,1,2024-04-16 17:00:00,NULL
4943,52,Đỗ Thu Long,565422134,dothulong614@hotmail.com,2,2,Không có,1,2024-10-15 17:00:00,NULL
4944,77,Ngô Hữu Trang,533716348,ngohuutrang505@gmail.com,1,0,Không có,1,2024-11-11 17:00:00,NULL
4945,145,Hoàng Thanh Hùng,347051547,hoangthanhhung902@outlook.com,3,3,Không có,1,2024-02-17 17:00:00,NULL
4946,253,Vũ Đức Mai,932719211,vuducmai285@gmail.com,3,3,Không có,1,2024-11-07 17:00:00,NULL
4947,59,Phạm Đức Linh,699652214,phamduclinh599@yahoo.com,1,3,Không có,1,2024-01-26 17:00:00,NULL
4948,294,Bùi Văn Trang,388029013,buivantrang430@vku.udn.vn,2,0,Không có,1,2024-11-16 17:00:00,NULL
4949,22,Nguyễn Hoàng Linh,487702715,nguyenhoanglinh819@gmail.com,3,2,Không có,1,2024-02-14 17:00:00,NULL
4950,396,Đặng Hữu Hạnh,374958005,danghuuhanh283@outlook.com,2,0,Không có,1,2024-07-16 17:00:00,NULL
4951,106,Phan Thanh Cường,561232990,phanthanhcuong202@gmail.com,1,3,Không có,1,2024-08-18 17:00:00,NULL
4952,28,Lý Hữu Cường,390024620,lyhuucuong86@yahoo.com,2,0,Không có,1,2024-11-09 17:00:00,NULL
4953,55,Ngô Thanh Trang,667166671,ngothanhtrang807@yahoo.com,2,0,Không có,1,2024-12-23 17:00:00,NULL
4954,141,Vũ Thu Trang,819164938,vuthutrang160@gmail.com,3,0,Không có,1,2024-12-10 17:00:00,NULL
4955,273,Phan Hải Anh,420117054,phanhaianh952@hotmail.com,2,0,Không có,1,2024-12-03 17:00:00,NULL
4956,16,Trần Quốc Mai,538976956,tranquocmai539@hotmail.com,1,0,Không có,1,2024-01-26 17:00:00,NULL
4957,399,Ngô Thu Linh,788922557,ngothulinh956@hotmail.com,2,0,Không có,1,2024-05-03 17:00:00,NULL
4958,283,Trần Quốc Lan,754814084,tranquoclan421@outlook.com,2,0,Không có,1,2024-05-12 17:00:00,NULL
4959,314,Đỗ Thu Linh,875757257,dothulinh340@gmail.com,3,2,Không có,1,2024-10-21 17:00:00,NULL
4960,49,Võ Minh Anh,932935379,vominhanh180@vku.udn.vn,3,0,Không có,1,2024-04-22 17:00:00,NULL
4961,12,Phan Thu Hùng,497823824,phanthuhung887@yahoo.com,1,2,Không có,1,2024-02-01 17:00:00,NULL
4962,296,Đỗ Minh Mai,639492674,dominhmai952@gmail.com,1,1,Không có,1,2024-09-11 17:00:00,NULL
4963,363,Hoàng Minh Hùng,547538338,hoangminhhung124@yahoo.com,1,3,Không có,1,2024-10-27 17:00:00,NULL
4964,355,Phan Đức Hạnh,393053577,phanduchanh286@outlook.com,3,1,Không có,1,2024-10-10 17:00:00,NULL
4965,325,Đỗ Minh Dũng,513814138,dominhdung151@gmail.com,3,3,Không có,1,2024-03-15 17:00:00,NULL
4966,339,Phạm Minh Linh,821454127,phamminhlinh30@outlook.com,3,2,Không có,1,2024-05-13 17:00:00,NULL
4967,250,Đỗ Thị Anh,595310485,dothianh251@yahoo.com,3,2,Không có,1,2024-08-10 17:00:00,NULL
4968,287,Dương Văn Bình,553810544,duongvanbinh171@outlook.com,3,0,Không có,1,2024-04-11 17:00:00,NULL
4969,130,Võ Thị Trang,605634279,vothitrang107@outlook.com,1,0,Không có,1,2024-07-06 17:00:00,NULL
4970,345,Ngô Văn Phong,333318206,ngovanphong973@yahoo.com,2,0,Không có,1,2024-06-01 17:00:00,NULL
4971,289,Hoàng Hải Hùng,754200826,hoanghaihung714@vku.udn.vn,1,0,Không có,1,2024-02-01 17:00:00,NULL
4972,307,Hoàng Thanh Hương,342836793,hoangthanhhuong921@hotmail.com,3,1,Không có,1,2024-11-03 17:00:00,NULL
4973,11,Trần Thị Nga,978109259,tranthinga154@outlook.com,1,1,Không có,1,2024-04-26 17:00:00,NULL
4974,307,Hoàng Thanh Hương,342836793,hoangthanhhuong921@hotmail.com,1,0,Không có,1,2024-05-31 17:00:00,NULL
4975,35,Bùi Hoàng Anh,875640342,buihoanganh811@outlook.com,3,1,Không có,1,2024-01-02 17:00:00,NULL
4976,5,Hồ Minh Lan,663831135,hominhlan411@hotmail.com,1,3,Không có,1,2024-03-23 17:00:00,NULL
4977,138,Nguyễn Hữu Bình,970930648,nguyenhuubinh982@yahoo.com,3,0,Không có,1,2024-03-15 17:00:00,NULL
4978,393,Nguyễn Thu Linh,400082623,nguyenthulinh231@gmail.com,1,0,Không có,1,2024-11-24 17:00:00,NULL
4979,80,Đỗ Hoàng Nam,405085134,dohoangnam229@outlook.com,2,3,Không có,1,2024-12-12 17:00:00,NULL
4980,135,Hoàng Văn Hạnh,503595503,hoangvanhanh97@outlook.com,3,0,Không có,1,2024-11-20 17:00:00,NULL
4981,49,Phan Hải Anh,330744890,phanhaianh93@outlook.com,1,1,Không có,1,2024-12-23 17:00:00,NULL
4982,255,Vũ Thị Lan,669319644,vuthilan619@hotmail.com,1,0,Không có,1,2024-03-10 17:00:00,NULL
4983,4,Dương Hoàng Phong,503009469,duonghoangphong660@outlook.com,1,2,Không có,1,2024-11-30 17:00:00,NULL
4984,102,Phạm Hoàng Nga,609035606,phamhoangnga756@outlook.com,3,0,Không có,1,2024-06-02 17:00:00,NULL
4985,351,Phan Thu Linh,697897455,phanthulinh71@vku.udn.vn,1,3,Không có,1,2024-05-27 17:00:00,NULL
4986,18,Võ Thu Cường,773341874,vothucuong573@yahoo.com,2,2,Không có,1,2024-09-04 17:00:00,NULL
4987,371,Ngô Hoàng Hùng,391462297,ngohoanghung255@gmail.com,2,1,Không có,1,2024-01-23 17:00:00,NULL
4988,83,Đỗ Quốc Cường,839689149,doquoccuong538@hotmail.com,2,3,Không có,1,2024-05-14 17:00:00,NULL
4989,381,Hồ Quốc Hùng,837377910,hoquochung553@outlook.com,3,0,Không có,1,2024-09-05 17:00:00,NULL
4990,290,Lê Đức Hùng,533754555,leduchung992@gmail.com,1,2,Không có,1,2024-06-08 17:00:00,NULL
4991,46,Phan Thị Mai,869011590,phanthimai651@yahoo.com,2,0,Không có,1,2024-04-10 17:00:00,NULL
4992,259,Võ Thanh Cường,697478786,vothanhcuong364@yahoo.com,3,0,Không có,1,2024-01-19 17:00:00,NULL
4993,54,Trần Hải Long,563414200,tranhailong135@vku.udn.vn,2,0,Không có,1,2024-01-15 17:00:00,NULL
4994,131,Nguyễn Quốc Hạnh,894470237,nguyenquochanh180@hotmail.com,1,1,Không có,1,2024-02-13 17:00:00,NULL
4995,128,Nguyễn Thu Long,673534886,nguyenthulong216@hotmail.com,1,0,Không có,1,2024-01-08 17:00:00,NULL
4996,299,Lê Hải Hạnh,883275843,lehaihanh721@hotmail.com,3,2,Không có,1,2024-02-03 17:00:00,NULL
4997,362,Phan Quốc Nam,890975123,phanquocnam339@hotmail.com,3,2,Không có,1,2024-02-03 17:00:00,NULL
4998,51,Hoàng Minh Long,303747106,hoangminhlong686@yahoo.com,2,0,Không có,1,2024-08-17 17:00:00,NULL
4999,129,Hoàng Hữu Dũng,476882313,hoanghuudung78@gmail.com,2,0,Không có,1,2024-02-28 17:00:00,NULL
5000,269,Ngô Minh Phong,988227492,ngominhphong349@gmail.com,1,0,Không có,1,2024-06-08 17:00:00,NULL
5001,294,Bùi Văn Trang,388029013,buivantrang430@vku.udn.vn,3,2,Không có,1,2024-04-19 17:00:00,NULL
5002,251,Đỗ Thu Bình,934036506,dothubinh433@gmail.com,2,0,Không có,1,2024-10-30 17:00:00,NULL
5003,331,Bùi Thu Linh,888273030,buithulinh457@yahoo.com,2,3,Không có,1,2024-09-21 17:00:00,NULL
5004,387,Vũ Hải Hùng,729982328,vuhaihung834@vku.udn.vn,2,2,Không có,1,2024-08-24 17:00:00,NULL
5005,279,Nguyễn Hoàng Nga,547083812,nguyenhoangnga603@yahoo.com,3,0,Không có,1,2024-05-08 17:00:00,NULL
5006,10,Hồ Thu Hùng,666170837,hothuhung558@hotmail.com,2,3,Không có,1,2024-07-30 17:00:00,NULL
5007,101,Vũ Hoàng Linh,583822857,vuhoanglinh283@vku.udn.vn,2,0,Không có,1,2024-05-07 17:00:00,NULL
5008,57,Đỗ Đức Nam,501467076,doducnam9@hotmail.com,3,0,Không có,1,2024-03-26 17:00:00,NULL
5009,330,Ngô Hải Long,870298515,ngohailong573@vku.udn.vn,1,0,Không có,1,2024-11-20 17:00:00,NULL
5010,353,Hồ Hữu Linh,489125618,hohuulinh752@vku.udn.vn,1,0,Không có,1,2024-08-06 17:00:00,NULL
5011,391,Đặng Hữu Hương,609268943,danghuuhuong449@outlook.com,3,0,Không có,1,2024-05-16 17:00:00,NULL
5012,376,Nguyễn Quốc Mai,937599912,nguyenquocmai482@hotmail.com,1,1,Không có,1,2024-01-08 17:00:00,NULL
5013,306,Dương Thanh Trang,893269304,duongthanhtrang152@outlook.com,2,0,Không có,1,2024-03-11 17:00:00,NULL
5014,349,Đỗ Quốc Linh,512954978,doquoclinh78@vku.udn.vn,2,2,Không có,1,2024-06-11 17:00:00,NULL
5015,268,Đặng Minh Nga,312327652,dangminhnga697@gmail.com,3,3,Không có,1,2024-04-24 17:00:00,NULL
5016,392,Đỗ Hoàng Phong,556943695,dohoangphong727@yahoo.com,3,1,Không có,1,2024-05-14 17:00:00,NULL
5017,14,Dương Thanh Hương,863790440,duongthanhhuong19@hotmail.com,3,0,Không có,1,2024-11-06 17:00:00,NULL
5018,8,Nguyễn Thu Cường,531483269,nguyenthucuong573@yahoo.com,3,0,Không có,1,2024-01-06 17:00:00,NULL
5019,18,Võ Văn Hạnh,832846265,vovanhanh146@outlook.com,1,0,Không có,1,2024-09-22 17:00:00,NULL
5020,348,Ngô Hữu Hùng,416070149,ngohuuhung593@gmail.com,2,0,Không có,1,2024-11-06 17:00:00,NULL
5021,372,Bùi Hoàng Phong,964021648,buihoangphong232@vku.udn.vn,3,0,Không có,1,2024-03-21 17:00:00,NULL
5022,328,Lý Thị Phong,756497252,lythiphong225@yahoo.com,2,0,Không có,1,2024-01-05 17:00:00,NULL
5023,309,Lý Đức Hạnh,474484941,lyduchanh820@yahoo.com,1,2,Không có,1,2024-09-22 17:00:00,NULL
5024,127,Đặng Đức Nam,705328720,dangducnam421@gmail.com,3,0,Không có,1,2024-06-15 17:00:00,NULL
5025,250,Đỗ Thị Anh,595310485,dothianh251@yahoo.com,1,1,Không có,1,2024-01-07 17:00:00,NULL
5026,51,Phan Thu Nam,737633377,phanthunam904@vku.udn.vn,2,0,Không có,1,2024-03-28 17:00:00,NULL
5027,372,Bùi Hoàng Phong,964021648,buihoangphong232@vku.udn.vn,3,0,Không có,1,2024-04-16 17:00:00,NULL
5028,112,Đỗ Đức Anh,440243020,doducanh98@vku.udn.vn,2,2,Không có,1,2024-12-20 17:00:00,NULL
5029,342,Lê Hải Cường,353992714,lehaicuong267@outlook.com,3,0,Không có,1,2024-11-25 17:00:00,NULL
5030,74,Đỗ Thị Lan,797957800,dothilan815@gmail.com,2,3,Không có,1,2024-09-20 17:00:00,NULL
5031,143,Dương Hữu Hạnh,375266807,duonghuuhanh586@gmail.com,2,3,Không có,1,2024-07-08 17:00:00,NULL
5032,291,Nguyễn Thanh Anh,353839920,nguyenthanhanh599@outlook.com,3,0,Không có,1,2024-05-13 17:00:00,NULL
5033,6,Hồ Hữu Mai,675080556,hohuumai815@outlook.com,1,2,Không có,1,2024-09-14 17:00:00,NULL
5034,20,Lý Đức Hương,931506411,lyduchuong136@yahoo.com,3,0,Không có,1,2024-12-20 17:00:00,NULL
5035,114,Trần Hoàng Dũng,801452344,tranhoangdung957@outlook.com,3,0,Không có,1,2024-03-29 17:00:00,NULL
5036,305,Đặng Văn Bình,380792472,dangvanbinh968@yahoo.com,2,3,Không có,1,2024-11-23 17:00:00,NULL
5037,87,Đỗ Hải Bình,368074265,dohaibinh781@outlook.com,1,1,Không có,1,2024-03-07 17:00:00,NULL
5038,60,Phan Hoàng Anh,850785189,phanhoanganh904@vku.udn.vn,3,1,Không có,1,2024-09-28 17:00:00,NULL
5039,388,Trần Thanh Hùng,647112584,tranthanhhung119@outlook.com,1,0,Không có,1,2024-06-14 17:00:00,NULL
5040,79,Phạm Hữu Trang,355915918,phamhuutrang201@yahoo.com,1,0,Không có,1,2023-12-31 17:00:00,NULL
5041,268,Đặng Minh Nga,312327652,dangminhnga697@gmail.com,1,1,Không có,1,2024-01-04 17:00:00,NULL
5042,373,Lý Hải Hùng,931924051,lyhaihung440@hotmail.com,3,0,Không có,1,2024-05-16 17:00:00,NULL
5043,264,Vũ Hải Cường,584412919,vuhaicuong143@yahoo.com,1,3,Không có,1,2024-08-08 17:00:00,NULL
5044,112,Vũ Thu Hùng,338751386,vuthuhung772@vku.udn.vn,3,0,Không có,1,2024-06-09 17:00:00,NULL
5045,368,Đỗ Hải Bình,313169872,dohaibinh588@hotmail.com,2,1,Không có,1,2024-11-06 17:00:00,NULL
5046,39,Đỗ Đức Nam,960477013,doducnam652@hotmail.com,2,0,Không có,1,2024-04-23 17:00:00,NULL
5047,284,Nguyễn Quốc Nam,664323393,nguyenquocnam820@gmail.com,1,0,Không có,1,2024-09-21 17:00:00,NULL
5048,15,Trần Hữu Mai,637049726,tranhuumai756@gmail.com,2,0,Không có,1,2024-12-27 17:00:00,NULL
5049,13,Trần Văn Nga,909191648,tranvannga51@gmail.com,1,2,Không có,1,2024-01-27 17:00:00,NULL
5050,89,Võ Thu Trang,756830577,vothutrang863@yahoo.com,2,0,Không có,1,2024-09-17 17:00:00,NULL
5051,31,Lý Đức Nga,912550286,lyducnga494@gmail.com,2,2,Không có,1,2024-03-11 17:00:00,NULL
5052,257,Lý Thanh Trang,506468299,lythanhtrang722@gmail.com,1,3,Không có,1,2024-10-07 17:00:00,NULL
5053,310,Lê Thanh Phong,742073642,lethanhphong822@yahoo.com,3,0,Không có,1,2024-07-18 17:00:00,NULL
5054,23,Hồ Đức Anh,417353348,hoducanh165@hotmail.com,3,0,Không có,1,2024-01-13 17:00:00,NULL
5055,19,Hoàng Thị Lan,432081826,hoangthilan124@vku.udn.vn,1,0,Không có,1,2024-05-15 17:00:00,NULL
5056,93,Phan Đức Mai,911266052,phanducmai594@vku.udn.vn,1,3,Không có,1,2024-02-11 17:00:00,NULL
5057,53,Lê Minh Dũng,427229438,leminhdung649@hotmail.com,3,0,Không có,1,2024-10-10 17:00:00,NULL
5058,300,Nguyễn Thu Hùng,411225158,nguyenthuhung962@yahoo.com,2,2,Không có,1,2024-10-09 17:00:00,NULL
5059,318,Phan Quốc Bình,654549587,phanquocbinh639@hotmail.com,2,2,Không có,1,2024-05-31 17:00:00,NULL
5060,358,Lý Hoàng Nam,596641124,lyhoangnam570@gmail.com,3,2,Không có,1,2024-12-30 17:00:00,NULL
5061,267,Ngô Quốc Trang,368212356,ngoquoctrang395@outlook.com,1,0,Không có,1,2024-06-15 17:00:00,NULL
5062,276,Đặng Hữu Hùng,866585408,danghuuhung894@vku.udn.vn,1,2,Không có,1,2024-11-05 17:00:00,NULL
5063,332,Hoàng Đức Hạnh,984683755,hoangduchanh284@vku.udn.vn,2,2,Không có,1,2024-08-18 17:00:00,NULL
5064,64,Đỗ Thu Hương,992548767,dothuhuong414@gmail.com,3,0,Không có,1,2024-09-04 17:00:00,NULL
5065,270,Lê Hải Anh,582811832,lehaianh996@vku.udn.vn,2,0,Không có,1,2024-04-08 17:00:00,NULL
5066,56,Vũ Quốc Linh,766105156,vuquoclinh940@gmail.com,1,0,Không có,1,2024-11-22 17:00:00,NULL
5067,371,Ngô Hoàng Hùng,391462297,ngohoanghung255@gmail.com,3,3,Không có,1,2024-12-29 17:00:00,NULL
5068,268,Đặng Minh Nga,312327652,dangminhnga697@gmail.com,2,3,Không có,1,2024-04-01 17:00:00,NULL
5069,36,Ngô Hữu Hạnh,865585844,ngohuuhanh998@gmail.com,1,0,Không có,1,2024-01-13 17:00:00,NULL
5070,263,Trần Đức Hương,909004943,tranduchuong898@hotmail.com,2,1,Không có,1,2024-02-03 17:00:00,NULL
5071,350,Trần Minh Hạnh,944687060,tranminhhanh825@gmail.com,1,0,Không có,1,2024-09-11 17:00:00,NULL
5072,10,Bùi Minh Nam,565989787,buiminhnam157@vku.udn.vn,3,3,Không có,1,2024-03-21 17:00:00,NULL
5073,136,Lý Hữu Nam,431966849,lyhuunam173@vku.udn.vn,2,0,Không có,1,2024-01-03 17:00:00,NULL
5074,259,Võ Thanh Cường,697478786,vothanhcuong364@yahoo.com,1,0,Không có,1,2024-04-26 17:00:00,NULL
5075,22,Lý Thị Dũng,897461428,lythidung273@yahoo.com,1,0,Không có,1,2024-11-23 17:00:00,NULL
5076,260,Hồ Thị Trang,981802744,hothitrang176@vku.udn.vn,1,0,Không có,1,2024-06-25 17:00:00,NULL
5077,373,Lý Hải Hùng,931924051,lyhaihung440@hotmail.com,3,1,Không có,1,2024-11-23 17:00:00,NULL
5078,305,Đặng Văn Bình,380792472,dangvanbinh968@yahoo.com,1,0,Không có,1,2024-11-02 17:00:00,NULL
5079,139,Trần Hữu Mai,854419045,tranhuumai525@vku.udn.vn,3,2,Không có,1,2024-01-24 17:00:00,NULL
5080,3,Lê Hoàng Phong,453025469,lehoangphong312@hotmail.com,1,0,Không có,1,2024-07-25 17:00:00,NULL
5081,91,Hồ Đức Dũng,843262155,hoducdung681@hotmail.com,1,3,Không có,1,2024-09-05 17:00:00,NULL
5082,389,Đỗ Thu Mai,743721204,dothumai56@yahoo.com,2,0,Không có,1,2024-06-05 17:00:00,NULL
5083,304,Phan Hữu Long,581272327,phanhuulong166@outlook.com,2,1,Không có,1,2024-08-30 17:00:00,NULL
5084,289,Hoàng Hải Hùng,754200826,hoanghaihung714@vku.udn.vn,1,1,Không có,1,2024-04-22 17:00:00,NULL
5085,330,Ngô Hải Long,870298515,ngohailong573@vku.udn.vn,3,0,Không có,1,2024-05-01 17:00:00,NULL
5086,105,Bùi Đức Hạnh,717793621,buiduchanh403@outlook.com,1,2,Không có,1,2024-12-06 17:00:00,NULL
5087,347,Võ Minh Phong,696098177,vominhphong172@vku.udn.vn,3,0,Không có,1,2024-09-21 17:00:00,NULL
5088,19,Đỗ Thanh Hương,840332872,dothanhhuong728@outlook.com,3,1,Không có,1,2024-09-05 17:00:00,NULL
5089,330,Ngô Hải Long,870298515,ngohailong573@vku.udn.vn,3,0,Không có,1,2024-05-06 17:00:00,NULL
5090,302,Phạm Thanh Dũng,981007818,phamthanhdung874@hotmail.com,3,0,Không có,1,2024-12-07 17:00:00,NULL
5091,371,Ngô Hoàng Hùng,391462297,ngohoanghung255@gmail.com,3,3,Không có,1,2024-03-05 17:00:00,NULL
5092,149,Nguyễn Hữu Trang,765140876,nguyenhuutrang554@gmail.com,3,1,Không có,1,2024-06-26 17:00:00,NULL
5093,388,Trần Thanh Hùng,647112584,tranthanhhung119@outlook.com,3,0,Không có,1,2024-01-09 17:00:00,NULL
5094,56,Hồ Quốc Anh,761751421,hoquocanh961@outlook.com,1,0,Không có,1,2024-04-18 17:00:00,NULL
5095,33,Hồ Thu Trang,920131624,hothutrang839@vku.udn.vn,1,1,Không có,1,2024-10-18 17:00:00,NULL
5096,131,Ngô Hải Anh,934023242,ngohaianh229@hotmail.com,1,0,Không có,1,2024-01-19 17:00:00,NULL
5097,385,Lý Minh Cường,928492896,lyminhcuong447@outlook.com,2,0,Không có,1,2024-07-10 17:00:00,NULL
5098,255,Vũ Thị Lan,669319644,vuthilan619@hotmail.com,1,2,Không có,1,2024-03-30 17:00:00,NULL
5099,135,Phan Quốc Lan,788710514,phanquoclan140@yahoo.com,1,2,Không có,1,2024-02-03 17:00:00,NULL
5100,5,Lê Thu Mai,984756482,lethumai521@vku.udn.vn,3,2,Không có,1,2024-08-06 17:00:00,NULL
5101,43,Vũ Hoàng Phong,843154203,vuhoangphong621@yahoo.com,2,0,Không có,1,2024-04-02 17:00:00,NULL
5102,15,Hoàng Thanh Phong,367854167,hoangthanhphong793@hotmail.com,2,0,Không có,1,2024-08-18 17:00:00,NULL
5103,382,Bùi Văn Hương,763887247,buivanhuong753@hotmail.com,3,2,Không có,1,2024-11-10 17:00:00,NULL
5104,58,Trần Thị Lan,331286904,tranthilan836@hotmail.com,3,0,Không có,1,2024-02-19 17:00:00,NULL
5105,107,Lý Đức Anh,830958824,lyducanh114@outlook.com,2,0,Không có,1,2024-08-15 17:00:00,NULL
5106,260,Hồ Thị Trang,981802744,hothitrang176@vku.udn.vn,3,1,Không có,1,2024-11-25 17:00:00,NULL
5107,24,Lê Thu Hạnh,364844492,lethuhanh321@hotmail.com,1,2,Không có,1,2024-01-13 17:00:00,NULL
5108,146,Phạm Quốc Mai,567425625,phamquocmai855@yahoo.com,3,0,Không có,1,2024-09-20 17:00:00,NULL
5109,32,Nguyễn Thị Cường,540091696,nguyenthicuong11@outlook.com,1,2,Không có,1,2024-06-28 17:00:00,NULL
5110,327,Phạm Quốc Mai,729123992,phamquocmai250@yahoo.com,3,0,Không có,1,2024-11-04 17:00:00,NULL
5111,286,Phạm Thị Mai,890907304,phamthimai101@gmail.com,2,1,Không có,1,2024-04-08 17:00:00,NULL
5112,111,Lê Minh Nga,640947645,leminhnga883@hotmail.com,1,0,Không có,1,2024-07-27 17:00:00,NULL
5113,366,Hoàng Đức Lan,492673892,hoangduclan310@gmail.com,3,2,Không có,1,2024-07-18 17:00:00,NULL
5114,384,Bùi Văn Phong,488109614,buivanphong482@vku.udn.vn,1,1,Không có,1,2024-08-26 17:00:00,NULL
5115,121,Ngô Quốc Anh,975616979,ngoquocanh894@yahoo.com,1,3,Không có,1,2024-01-30 17:00:00,NULL
5116,89,Đặng Minh Nga,994246675,dangminhnga585@yahoo.com,2,2,Không có,1,2024-09-07 17:00:00,NULL
5117,362,Phan Quốc Nam,890975123,phanquocnam339@hotmail.com,1,1,Không có,1,2024-06-20 17:00:00,NULL
5118,139,Ngô Minh Linh,668413685,ngominhlinh818@gmail.com,3,2,Không có,1,2024-08-27 17:00:00,NULL
5119,392,Đỗ Hoàng Phong,556943695,dohoangphong727@yahoo.com,3,3,Không có,1,2024-01-12 17:00:00,NULL
5120,9,Võ Thanh Phong,480402531,vothanhphong264@hotmail.com,1,0,Không có,1,2024-07-30 17:00:00,NULL
5121,282,Bùi Hải Dũng,807850824,buihaidung827@outlook.com,2,0,Không có,1,2024-02-19 17:00:00,NULL
5122,391,Đặng Hữu Hương,609268943,danghuuhuong449@outlook.com,3,0,Không có,1,2024-07-27 17:00:00,NULL
5123,7,Ngô Thu Hương,725806751,ngothuhuong162@vku.udn.vn,2,0,Không có,1,2024-11-06 17:00:00,NULL
5124,396,Đặng Hữu Hạnh,374958005,danghuuhanh283@outlook.com,2,0,Không có,1,2024-05-16 17:00:00,NULL
5125,8,Phạm Hữu Linh,565289638,phamhuulinh971@yahoo.com,3,2,Không có,1,2024-02-23 17:00:00,NULL
5126,365,Hồ Hoàng Phong,863324548,hohoangphong612@hotmail.com,3,3,Không có,1,2024-04-02 17:00:00,NULL
5127,395,Võ Đức Mai,891916368,voducmai149@outlook.com,2,0,Không có,1,2024-12-22 17:00:00,NULL
5128,22,Đỗ Minh Hùng,580927892,dominhhung953@outlook.com,2,0,Không có,1,2024-06-21 17:00:00,NULL
5129,375,Hoàng Thị Cường,557553274,hoangthicuong178@vku.udn.vn,3,3,Không có,1,2024-09-20 17:00:00,NULL
5130,351,Phan Thu Linh,697897455,phanthulinh71@vku.udn.vn,2,0,Không có,1,2024-11-19 17:00:00,NULL
5131,22,Lý Văn Nam,606249707,lyvannam427@outlook.com,3,3,Không có,1,2024-11-07 17:00:00,NULL
5132,66,Võ Thanh Phong,412903232,vothanhphong657@vku.udn.vn,1,3,Không có,1,2024-12-11 17:00:00,NULL
5133,3,Trần Đức Hùng,498101251,tranduchung117@gmail.com,3,0,Không có,1,2024-05-24 17:00:00,NULL
5134,326,Võ Hoàng Hạnh,378198716,vohoanghanh467@outlook.com,2,1,Không có,1,2024-04-17 17:00:00,NULL
5135,296,Đỗ Minh Mai,639492674,dominhmai952@gmail.com,2,1,Không có,1,2024-12-27 17:00:00,NULL
5136,68,Phan Thanh Cường,745721159,phanthanhcuong679@hotmail.com,2,1,Không có,1,2024-07-27 17:00:00,NULL
5137,379,Lý Minh Hạnh,452725050,lyminhhanh74@gmail.com,1,0,Không có,1,2024-06-01 17:00:00,NULL
5138,395,Võ Đức Mai,891916368,voducmai149@outlook.com,1,0,Không có,1,2024-09-13 17:00:00,NULL
5139,123,Nguyễn Thị Nga,807110313,nguyenthinga228@gmail.com,3,0,Không có,1,2024-02-04 17:00:00,NULL
5140,121,Hoàng Văn Dũng,387880346,hoangvandung383@outlook.com,1,0,Không có,1,2024-03-17 17:00:00,NULL
5141,342,Lê Hải Cường,353992714,lehaicuong267@outlook.com,2,0,Không có,1,2024-10-31 17:00:00,NULL
5142,297,Bùi Hoàng Bình,378663096,buihoangbinh551@yahoo.com,1,0,Không có,1,2024-01-31 17:00:00,NULL
5143,370,Vũ Hải Bình,919571745,vuhaibinh645@gmail.com,2,0,Không có,1,2024-03-15 17:00:00,NULL
5144,33,Đặng Đức Hương,492923935,dangduchuong734@yahoo.com,3,0,Không có,1,2024-02-15 17:00:00,NULL
5145,321,Đỗ Hữu Trang,911072118,dohuutrang309@outlook.com,1,0,Không có,1,2024-06-25 17:00:00,NULL
5146,143,Lê Quốc Hạnh,945722849,lequochanh695@outlook.com,1,3,Không có,1,2024-01-17 17:00:00,NULL
5147,341,Nguyễn Quốc Trang,906011277,nguyenquoctrang679@gmail.com,2,0,Không có,1,2024-11-20 17:00:00,NULL
5148,368,Đỗ Hải Bình,313169872,dohaibinh588@hotmail.com,1,0,Không có,1,2024-01-26 17:00:00,NULL
5149,97,Hoàng Hải Cường,936796131,hoanghaicuong874@hotmail.com,3,0,Không có,1,2024-07-02 17:00:00,NULL
5150,55,Vũ Đức Hương,414550733,vuduchuong153@hotmail.com,2,0,Không có,1,2024-11-21 17:00:00,NULL
5151,49,Nguyễn Văn Cường,348511887,nguyenvancuong332@vku.udn.vn,2,1,Không có,1,2024-01-11 17:00:00,NULL
5152,279,Nguyễn Hoàng Nga,547083812,nguyenhoangnga603@yahoo.com,1,0,Không có,1,2024-10-23 17:00:00,NULL
5153,378,Đỗ Đức Linh,423240112,doduclinh558@yahoo.com,2,0,Không có,1,2024-07-04 17:00:00,NULL
5154,17,Đặng Hoàng Nga,423670041,danghoangnga254@yahoo.com,1,2,Không có,1,2024-06-23 17:00:00,NULL
5155,13,Đặng Thu Trang,917890308,dangthutrang345@gmail.com,1,0,Không có,1,2024-06-05 17:00:00,NULL
5156,358,Lý Hoàng Nam,596641124,lyhoangnam570@gmail.com,1,2,Không có,1,2024-08-07 17:00:00,NULL
5157,377,Hoàng Minh Nam,787512424,hoangminhnam73@yahoo.com,1,0,Không có,1,2024-09-16 17:00:00,NULL
5158,138,Hoàng Hữu Hùng,982144917,hoanghuuhung346@outlook.com,3,1,Không có,1,2024-05-30 17:00:00,NULL
5159,58,Dương Hữu Trang,445883253,duonghuutrang47@yahoo.com,1,3,Không có,1,2024-10-03 17:00:00,NULL
5160,327,Phạm Quốc Mai,729123992,phamquocmai250@yahoo.com,3,0,Không có,1,2024-03-10 17:00:00,NULL
5161,353,Hồ Hữu Linh,489125618,hohuulinh752@vku.udn.vn,1,0,Không có,1,2024-01-13 17:00:00,NULL
5162,305,Đặng Văn Bình,380792472,dangvanbinh968@yahoo.com,3,3,Không có,1,2024-08-21 17:00:00,NULL
5163,100,Lê Hải Dũng,332780031,lehaidung191@yahoo.com,2,0,Không có,1,2024-08-15 17:00:00,NULL
5164,97,Hoàng Hải Mai,585197065,hoanghaimai172@gmail.com,3,3,Không có,1,2024-09-08 17:00:00,NULL
5165,137,Ngô Thu Hùng,832773376,ngothuhung573@yahoo.com,2,2,Không có,1,2024-03-14 17:00:00,NULL
5166,15,Bùi Đức Phong,497393730,buiducphong111@vku.udn.vn,3,0,Không có,1,2024-03-15 17:00:00,NULL
5167,315,Lê Hoàng Hùng,341078352,lehoanghung112@vku.udn.vn,1,3,Không có,1,2024-09-08 17:00:00,NULL
5168,255,Vũ Thị Lan,669319644,vuthilan619@hotmail.com,2,0,Không có,1,2024-08-10 17:00:00,NULL
5169,9,Đặng Thị Bình,677534538,dangthibinh390@hotmail.com,1,3,Không có,1,2024-02-03 17:00:00,NULL
5170,386,Phan Quốc Lan,644733679,phanquoclan687@gmail.com,2,3,Không có,1,2024-10-21 17:00:00,NULL
5171,366,Hoàng Đức Lan,492673892,hoangduclan310@gmail.com,2,1,Không có,1,2024-06-06 17:00:00,NULL
5172,122,Hoàng Hữu Hạnh,830786487,hoanghuuhanh425@yahoo.com,2,2,Không có,1,2024-01-17 17:00:00,NULL
5173,18,Dương Hoàng Long,867392334,duonghoanglong85@vku.udn.vn,3,3,Không có,1,2024-07-04 17:00:00,NULL
5174,314,Đỗ Thu Linh,875757257,dothulinh340@gmail.com,2,1,Không có,1,2024-07-02 17:00:00,NULL
5175,73,Hồ Thị Bình,840274965,hothibinh496@yahoo.com,2,2,Không có,1,2024-07-22 17:00:00,NULL
5176,380,Bùi Hoàng Hương,609893263,buihoanghuong450@gmail.com,2,3,Không có,1,2024-02-03 17:00:00,NULL
5177,265,Hoàng Hoàng Linh,926563708,hoanghoanglinh409@hotmail.com,1,2,Không có,1,2024-07-08 17:00:00,NULL
5178,19,Hoàng Hoàng Long,446443233,hoanghoanglong403@gmail.com,3,0,Không có,1,2024-05-10 17:00:00,NULL
5179,263,Trần Đức Hương,909004943,tranduchuong898@hotmail.com,2,0,Không có,1,2024-03-03 17:00:00,NULL
5180,354,Bùi Thu Phong,819151495,buithuphong477@outlook.com,1,0,Không có,1,2024-04-02 17:00:00,NULL
5181,22,Vũ Minh Trang,842935609,vuminhtrang307@outlook.com,3,2,Không có,1,2024-12-07 17:00:00,NULL
5182,399,Ngô Thu Linh,788922557,ngothulinh956@hotmail.com,1,1,Không có,1,2024-07-28 17:00:00,NULL
5183,292,Lê Văn Nga,386019028,levannga872@yahoo.com,2,1,Không có,1,2024-02-13 17:00:00,NULL
5184,91,Lê Thị Long,801874544,lethilong736@hotmail.com,1,3,Không có,1,2024-02-26 17:00:00,NULL
5185,7,Đặng Hoàng Long,811601867,danghoanglong164@gmail.com,3,0,Không có,1,2024-03-28 17:00:00,NULL
5186,326,Võ Hoàng Hạnh,378198716,vohoanghanh467@outlook.com,3,0,Không có,1,2024-07-30 17:00:00,NULL
5187,79,Phan Hữu Bình,811373681,phanhuubinh758@gmail.com,2,3,Không có,1,2024-09-03 17:00:00,NULL
5188,13,Hồ Thị Hùng,972585357,hothihung580@yahoo.com,3,0,Không có,1,2024-03-02 17:00:00,NULL
5189,3,Lý Thanh Trang,980512811,lythanhtrang223@gmail.com,2,3,Không có,1,2024-06-27 17:00:00,NULL
5190,103,Đỗ Thị Nga,453350025,dothinga857@outlook.com,2,0,Không có,1,2024-05-03 17:00:00,NULL
5191,100,Lý Minh Hương,792262040,lyminhhuong609@gmail.com,3,0,Không có,1,2024-07-03 17:00:00,NULL
5192,355,Phan Đức Hạnh,393053577,phanduchanh286@outlook.com,2,0,Không có,1,2024-12-26 17:00:00,NULL
5193,339,Phạm Minh Linh,821454127,phamminhlinh30@outlook.com,2,0,Không có,1,2024-01-10 17:00:00,NULL
5194,351,Phan Thu Linh,697897455,phanthulinh71@vku.udn.vn,2,0,Không có,1,2024-03-18 17:00:00,NULL
5195,318,Phan Quốc Bình,654549587,phanquocbinh639@hotmail.com,1,0,Không có,1,2024-09-07 17:00:00,NULL
5196,78,Nguyễn Thanh Nam,659863510,nguyenthanhnam96@vku.udn.vn,1,3,Không có,1,2024-03-19 17:00:00,NULL
5197,350,Trần Minh Hạnh,944687060,tranminhhanh825@gmail.com,3,2,Không có,1,2024-01-25 17:00:00,NULL
5198,54,Hoàng Hoàng Linh,481033406,hoanghoanglinh883@gmail.com,2,2,Không có,1,2024-07-22 17:00:00,NULL
5199,3,Bùi Văn Long,351438151,buivanlong593@gmail.com,1,0,Không có,1,2024-11-04 17:00:00,NULL
5200,4,Lê Hải Hạnh,631543794,lehaihanh216@gmail.com,3,2,Không có,1,2024-10-26 17:00:00,NULL
5201,115,Nguyễn Hải Lan,512077136,nguyenhailan252@hotmail.com,2,3,Không có,1,2024-09-05 17:00:00,NULL
5202,293,Trần Đức Linh,428727266,tranduclinh965@vku.udn.vn,2,2,Không có,1,2024-11-20 17:00:00,NULL
5203,328,Lý Thị Phong,756497252,lythiphong225@yahoo.com,2,0,Không có,1,2024-02-11 17:00:00,NULL
5204,43,Lý Hải Bình,706786357,lyhaibinh87@hotmail.com,2,0,Không có,1,2024-03-01 17:00:00,NULL
5205,110,Hoàng Đức Hạnh,456885256,hoangduchanh675@gmail.com,2,3,Không có,1,2024-01-29 17:00:00,NULL
5206,143,Hoàng Thị Anh,615658687,hoangthianh952@vku.udn.vn,1,2,Không có,1,2024-03-05 17:00:00,NULL
5207,303,Hoàng Văn Bình,981057736,hoangvanbinh434@hotmail.com,2,1,Không có,1,2024-04-26 17:00:00,NULL
5208,95,Vũ Hữu Nam,801614706,vuhuunam620@outlook.com,1,2,Không có,1,2024-12-17 17:00:00,NULL
5209,334,Lý Thu Bình,448578017,lythubinh155@yahoo.com,2,0,Không có,1,2024-12-02 17:00:00,NULL
5210,44,Ngô Thu Bình,792259358,ngothubinh735@outlook.com,2,0,Không có,1,2024-09-05 17:00:00,NULL
5211,357,Lê Hải Dũng,680990401,lehaidung817@hotmail.com,2,3,Không có,1,2024-10-13 17:00:00,NULL
5212,276,Đặng Hữu Hùng,866585408,danghuuhung894@vku.udn.vn,2,2,Không có,1,2024-08-26 17:00:00,NULL
5213,383,Nguyễn Thị Dũng,917615339,nguyenthidung602@gmail.com,3,0,Không có,1,2024-03-04 17:00:00,NULL
5214,357,Lê Hải Dũng,680990401,lehaidung817@hotmail.com,2,2,Không có,1,2024-01-26 17:00:00,NULL
5215,294,Bùi Văn Trang,388029013,buivantrang430@vku.udn.vn,3,0,Không có,1,2024-05-12 17:00:00,NULL
5216,58,Phan Đức Long,435560554,phanduclong952@outlook.com,1,1,Không có,1,2024-09-13 17:00:00,NULL
5217,314,Đỗ Thu Linh,875757257,dothulinh340@gmail.com,3,1,Không có,1,2024-09-03 17:00:00,NULL
5218,114,Lê Quốc Nam,622327671,lequocnam105@yahoo.com,2,0,Không có,1,2024-05-22 17:00:00,NULL
5219,391,Đặng Hữu Hương,609268943,danghuuhuong449@outlook.com,3,2,Không có,1,2024-01-07 17:00:00,NULL
5220,376,Nguyễn Quốc Mai,937599912,nguyenquocmai482@hotmail.com,1,0,Không có,1,2024-04-27 17:00:00,NULL
5221,311,Ngô Thị Linh,341580226,ngothilinh880@outlook.com,3,2,Không có,1,2024-01-24 17:00:00,NULL
5222,355,Phan Đức Hạnh,393053577,phanduchanh286@outlook.com,2,0,Không có,1,2024-08-05 17:00:00,NULL
5223,69,Dương Quốc Dũng,927970974,duongquocdung943@hotmail.com,2,3,Không có,1,2024-07-30 17:00:00,NULL
5224,141,Nguyễn Thu Trang,798295783,nguyenthutrang752@vku.udn.vn,3,0,Không có,1,2024-02-02 17:00:00,NULL
5225,295,Phan Minh Dũng,637352358,phanminhdung245@hotmail.com,3,1,Không có,1,2024-02-18 17:00:00,NULL
5226,363,Hoàng Minh Hùng,547538338,hoangminhhung124@yahoo.com,1,3,Không có,1,2024-01-02 17:00:00,NULL
5227,356,Bùi Hoàng Long,706936666,buihoanglong345@gmail.com,1,1,Không có,1,2024-09-28 17:00:00,NULL
5228,375,Hoàng Thị Cường,557553274,hoangthicuong178@vku.udn.vn,1,2,Không có,1,2024-07-15 17:00:00,NULL
5229,79,Hoàng Hải Phong,871924172,hoanghaiphong835@gmail.com,3,1,Không có,1,2024-08-13 17:00:00,NULL
5230,396,Đặng Hữu Hạnh,374958005,danghuuhanh283@outlook.com,3,2,Không có,1,2024-12-24 17:00:00,NULL
5231,322,Hoàng Minh Dũng,761588882,hoangminhdung805@vku.udn.vn,1,1,Không có,1,2024-06-24 17:00:00,NULL
5232,321,Đỗ Hữu Trang,911072118,dohuutrang309@outlook.com,3,1,Không có,1,2024-03-06 17:00:00,NULL
5233,10,Nguyễn Đức Hùng,606379983,nguyenduchung348@vku.udn.vn,1,2,Không có,1,2024-06-05 17:00:00,NULL
5234,345,Ngô Văn Phong,333318206,ngovanphong973@yahoo.com,3,0,Không có,1,2024-12-18 17:00:00,NULL
5235,374,Nguyễn Hoàng Nam,406551233,nguyenhoangnam971@yahoo.com,2,3,Không có,1,2024-05-15 17:00:00,NULL
5236,42,Nguyễn Thị Trang,621098313,nguyenthitrang343@vku.udn.vn,1,2,Không có,1,2024-04-27 17:00:00,NULL
5237,284,Nguyễn Quốc Nam,664323393,nguyenquocnam820@gmail.com,3,0,Không có,1,2024-01-14 17:00:00,NULL
5238,60,Bùi Minh Nga,988053993,buiminhnga857@hotmail.com,2,0,Không có,1,2024-07-16 17:00:00,NULL
5239,388,Trần Thanh Hùng,647112584,tranthanhhung119@outlook.com,1,0,Không có,1,2024-10-14 17:00:00,NULL
5240,38,Lê Văn Hùng,878199998,levanhung513@outlook.com,1,2,Không có,1,2024-12-24 17:00:00,NULL
5241,315,Lê Hoàng Hùng,341078352,lehoanghung112@vku.udn.vn,3,3,Không có,1,2024-02-01 17:00:00,NULL
5242,387,Vũ Hải Hùng,729982328,vuhaihung834@vku.udn.vn,2,0,Không có,1,2024-02-18 17:00:00,NULL
5243,131,Phạm Văn Trang,964300497,phamvantrang576@yahoo.com,1,0,Không có,1,2024-10-01 17:00:00,NULL
5244,372,Bùi Hoàng Phong,964021648,buihoangphong232@vku.udn.vn,2,0,Không có,1,2024-10-15 17:00:00,NULL
5245,327,Phạm Quốc Mai,729123992,phamquocmai250@yahoo.com,1,0,Không có,1,2024-01-21 17:00:00,NULL
5246,9,Phan Hải Long,800535000,phanhailong738@outlook.com,2,3,Không có,1,2024-01-19 17:00:00,NULL
5247,110,Phan Văn Hương,769843960,phanvanhuong785@outlook.com,1,0,Không có,1,2024-09-08 17:00:00,NULL
5248,367,Lê Minh Anh,358546865,leminhanh567@hotmail.com,3,0,Không có,1,2024-01-18 17:00:00,NULL
5249,305,Đặng Văn Bình,380792472,dangvanbinh968@yahoo.com,1,2,Không có,1,2024-10-29 17:00:00,NULL
5250,84,Hoàng Hoàng Linh,970287580,hoanghoanglinh779@gmail.com,1,0,Không có,1,2024-10-03 17:00:00,NULL
5251,107,Nguyễn Minh Lan,868536062,nguyenminhlan239@yahoo.com,1,0,Không có,1,2024-07-18 17:00:00,NULL
5252,292,Lê Văn Nga,386019028,levannga872@yahoo.com,1,0,Không có,1,2024-08-22 17:00:00,NULL
5253,89,Phan Đức Hùng,522647626,phanduchung355@yahoo.com,3,3,Không có,1,2024-02-15 17:00:00,NULL
5254,280,Hồ Văn Dũng,372370545,hovandung928@gmail.com,1,0,Không có,1,2024-03-27 17:00:00,NULL
5255,295,Phan Minh Dũng,637352358,phanminhdung245@hotmail.com,1,0,Không có,1,2024-06-13 17:00:00,NULL
5256,276,Đặng Hữu Hùng,866585408,danghuuhung894@vku.udn.vn,1,0,Không có,1,2024-10-30 17:00:00,NULL
5257,102,Lý Quốc Linh,417785220,lyquoclinh717@outlook.com,2,0,Không có,1,2024-07-28 17:00:00,NULL
5258,386,Phan Quốc Lan,644733679,phanquoclan687@gmail.com,1,3,Không có,1,2024-02-18 17:00:00,NULL
5259,100,Nguyễn Hữu Bình,462960117,nguyenhuubinh638@gmail.com,3,0,Không có,1,2024-03-31 17:00:00,NULL
5260,378,Đỗ Đức Linh,423240112,doduclinh558@yahoo.com,3,0,Không có,1,2024-04-09 17:00:00,NULL
5261,109,Hoàng Hải Dũng,723881366,hoanghaidung527@yahoo.com,2,2,Không có,1,2024-12-12 17:00:00,NULL
5262,253,Vũ Đức Mai,932719211,vuducmai285@gmail.com,2,0,Không có,1,2024-05-05 17:00:00,NULL
5263,93,Đặng Đức Bình,938155108,dangducbinh736@yahoo.com,1,2,Không có,1,2024-10-25 17:00:00,NULL
5264,303,Hoàng Văn Bình,981057736,hoangvanbinh434@hotmail.com,1,1,Không có,1,2024-06-11 17:00:00,NULL
5265,22,Dương Thị Hạnh,491827144,duongthihanh116@vku.udn.vn,3,1,Không có,1,2024-04-08 17:00:00,NULL
5266,383,Nguyễn Thị Dũng,917615339,nguyenthidung602@gmail.com,1,0,Không có,1,2024-10-06 17:00:00,NULL
5267,280,Hồ Văn Dũng,372370545,hovandung928@gmail.com,1,3,Không có,1,2024-04-12 17:00:00,NULL
5268,11,Hồ Văn Long,673693152,hovanlong793@outlook.com,3,3,Không có,1,2024-11-15 17:00:00,NULL
5269,107,Lê Thu Trang,342076184,lethutrang251@gmail.com,2,2,Không có,1,2024-01-16 17:00:00,NULL
5270,390,Bùi Hải Long,774637858,buihailong779@gmail.com,1,3,Không có,1,2024-05-17 17:00:00,NULL
5271,91,Bùi Hải Bình,950203448,buihaibinh428@vku.udn.vn,1,1,Không có,1,2024-10-27 17:00:00,NULL
5272,291,Nguyễn Thanh Anh,353839920,nguyenthanhanh599@outlook.com,3,0,Không có,1,2024-01-16 17:00:00,NULL
5273,142,Bùi Văn Mai,793957655,buivanmai200@vku.udn.vn,2,1,Không có,1,2024-07-02 17:00:00,NULL
5274,398,Dương Hữu Mai,878296492,duonghuumai496@hotmail.com,1,0,Không có,1,2024-03-10 17:00:00,NULL
5275,340,Hồ Hữu Hạnh,801856351,hohuuhanh942@yahoo.com,3,1,Không có,1,2024-11-21 17:00:00,NULL
5276,285,Phạm Thu Mai,450519597,phamthumai433@yahoo.com,1,0,Không có,1,2024-12-12 17:00:00,NULL
5277,115,Hồ Hữu Trang,771337250,hohuutrang698@gmail.com,1,0,Không có,1,2024-03-07 17:00:00,NULL
5278,77,Phạm Hữu Hùng,986823784,phamhuuhung874@vku.udn.vn,2,0,Không có,1,2024-04-18 17:00:00,NULL
5279,134,Phan Thanh Hùng,312889692,phanthanhhung816@vku.udn.vn,1,0,Không có,1,2024-04-10 17:00:00,NULL
5280,342,Lê Hải Cường,353992714,lehaicuong267@outlook.com,1,3,Không có,1,2024-06-04 17:00:00,NULL
5281,74,Lê Văn Bình,415857738,levanbinh518@outlook.com,2,0,Không có,1,2024-09-21 17:00:00,NULL
5282,369,Võ Thanh Cường,355165334,vothanhcuong259@outlook.com,1,0,Không có,1,2024-04-23 17:00:00,NULL
5283,103,Phạm Quốc Long,673015952,phamquoclong231@gmail.com,3,1,Không có,1,2024-09-18 17:00:00,NULL
5284,316,Hồ Thanh Linh,950911797,hothanhlinh524@gmail.com,2,3,Không có,1,2024-01-13 17:00:00,NULL
5285,72,Lê Thị Linh,437623945,lethilinh984@yahoo.com,3,1,Không có,1,2024-06-17 17:00:00,NULL
5286,285,Phạm Thu Mai,450519597,phamthumai433@yahoo.com,2,0,Không có,1,2024-06-07 17:00:00,NULL
5287,29,Hoàng Thu Mai,836252221,hoangthumai539@outlook.com,2,1,Không có,1,2024-07-31 17:00:00,NULL
5288,8,Vũ Hữu Nga,390019786,vuhuunga330@vku.udn.vn,2,2,Không có,1,2024-07-04 17:00:00,NULL
5289,80,Nguyễn Thu Cường,546653978,nguyenthucuong956@outlook.com,1,1,Không có,1,2024-01-05 17:00:00,NULL
5290,119,Lý Đức Hùng,572020505,lyduchung773@gmail.com,1,2,Không có,1,2024-06-06 17:00:00,NULL
5291,98,Võ Hoàng Hương,514339257,vohoanghuong477@yahoo.com,3,0,Không có,1,2024-05-23 17:00:00,NULL
5292,12,Đỗ Minh Linh,513909675,dominhlinh767@yahoo.com,1,0,Không có,1,2024-09-24 17:00:00,NULL
5293,395,Võ Đức Mai,891916368,voducmai149@outlook.com,3,0,Không có,1,2024-09-06 17:00:00,NULL
5294,40,Trần Thanh Linh,535568599,tranthanhlinh210@vku.udn.vn,2,0,Không có,1,2024-07-28 17:00:00,NULL
5295,3,Phạm Minh Cường,916019011,phamminhcuong174@vku.udn.vn,3,0,Không có,1,2024-01-21 17:00:00,NULL
5296,51,Nguyễn Hoàng Hùng,615659463,nguyenhoanghung720@vku.udn.vn,2,3,Không có,1,2024-04-23 17:00:00,NULL
5297,318,Phan Quốc Bình,654549587,phanquocbinh639@hotmail.com,2,0,Không có,1,2024-05-22 17:00:00,NULL
5298,256,Đặng Thị Hương,706448196,dangthihuong81@vku.udn.vn,1,2,Không có,1,2024-08-01 17:00:00,NULL
5299,297,Bùi Hoàng Bình,378663096,buihoangbinh551@yahoo.com,2,0,Không có,1,2024-02-29 17:00:00,NULL
5300,16,Bùi Văn Trang,890636787,buivantrang855@outlook.com,1,1,Không có,1,2024-08-23 17:00:00,NULL
5301,313,Đỗ Đức Linh,652468587,doduclinh286@gmail.com,1,1,Không có,1,2024-12-01 17:00:00,NULL
5302,264,Vũ Hải Cường,584412919,vuhaicuong143@yahoo.com,1,0,Không có,1,2024-09-07 17:00:00,NULL
5303,389,Đỗ Thu Mai,743721204,dothumai56@yahoo.com,2,3,Không có,1,2024-10-12 17:00:00,NULL
5304,113,Phan Thị Lan,364051830,phanthilan804@hotmail.com,1,0,Không có,1,2024-11-09 17:00:00,NULL
5305,260,Hồ Thị Trang,981802744,hothitrang176@vku.udn.vn,2,0,Không có,1,2024-06-10 17:00:00,NULL
5306,291,Nguyễn Thanh Anh,353839920,nguyenthanhanh599@outlook.com,2,1,Không có,1,2024-06-26 17:00:00,NULL
5307,97,Bùi Đức Mai,921229570,buiducmai314@outlook.com,1,3,Không có,1,2024-04-21 17:00:00,NULL
5308,351,Phan Thu Linh,697897455,phanthulinh71@vku.udn.vn,2,0,Không có,1,2024-12-23 17:00:00,NULL
5309,384,Bùi Văn Phong,488109614,buivanphong482@vku.udn.vn,1,3,Không có,1,2024-08-20 17:00:00,NULL
5310,15,Phan Văn Bình,445418038,phanvanbinh844@outlook.com,2,0,Không có,1,2024-11-04 17:00:00,NULL
5311,260,Hồ Thị Trang,981802744,hothitrang176@vku.udn.vn,1,0,Không có,1,2024-04-25 17:00:00,NULL
5312,79,Đỗ Thu Anh,516628732,dothuanh575@yahoo.com,1,0,Không có,1,2024-07-22 17:00:00,NULL
5313,307,Hoàng Thanh Hương,342836793,hoangthanhhuong921@hotmail.com,2,0,Không có,1,2024-07-19 17:00:00,NULL
5314,77,Bùi Văn Nga,790987487,buivannga44@hotmail.com,3,3,Không có,1,2024-07-07 17:00:00,NULL
5315,25,Ngô Văn Phong,801689885,ngovanphong667@yahoo.com,1,0,Không có,1,2024-09-20 17:00:00,NULL
5316,362,Phan Quốc Nam,890975123,phanquocnam339@hotmail.com,2,0,Không có,1,2024-02-23 17:00:00,NULL
5317,58,Đặng Quốc Linh,425312050,dangquoclinh487@outlook.com,3,2,Không có,1,2024-06-16 17:00:00,NULL
5318,91,Võ Hoàng Hùng,357905390,vohoanghung504@yahoo.com,2,0,Không có,1,2024-09-27 17:00:00,NULL
5319,99,Phạm Quốc Linh,905101930,phamquoclinh543@vku.udn.vn,2,1,Không có,1,2024-11-08 17:00:00,NULL
5320,67,Ngô Minh Linh,310371063,ngominhlinh699@gmail.com,3,3,Không có,1,2024-03-30 17:00:00,NULL
5321,377,Hoàng Minh Nam,787512424,hoangminhnam73@yahoo.com,3,0,Không có,1,2024-05-24 17:00:00,NULL
5322,47,Trần Hoàng Long,538183376,tranhoanglong359@outlook.com,1,0,Không có,1,2024-11-24 17:00:00,NULL
5323,46,Bùi Hữu Hùng,542079749,buihuuhung14@gmail.com,3,3,Không có,1,2024-06-06 17:00:00,NULL
5324,276,Đặng Hữu Hùng,866585408,danghuuhung894@vku.udn.vn,1,2,Không có,1,2024-09-26 17:00:00,NULL
5325,253,Vũ Đức Mai,932719211,vuducmai285@gmail.com,1,0,Không có,1,2024-11-28 17:00:00,NULL
5326,144,Hồ Thị Trang,461942041,hothitrang625@gmail.com,1,3,Không có,1,2024-01-26 17:00:00,NULL
5327,37,Hoàng Thị Hạnh,305539310,hoangthihanh609@vku.udn.vn,3,3,Không có,1,2024-09-23 17:00:00,NULL
5328,336,Vũ Văn Dũng,751125671,vuvandung399@vku.udn.vn,2,0,Không có,1,2024-06-01 17:00:00,NULL
5329,85,Đỗ Văn Mai,526321123,dovanmai547@vku.udn.vn,2,2,Không có,1,2024-12-20 17:00:00,NULL
5330,68,Nguyễn Hoàng Trang,341311143,nguyenhoangtrang15@outlook.com,1,2,Không có,1,2024-03-07 17:00:00,NULL
5331,64,Phạm Quốc Hương,432524379,phamquochuong986@gmail.com,1,1,Không có,1,2024-02-18 17:00:00,NULL
5332,131,Phan Hữu Trang,335414693,phanhuutrang601@gmail.com,1,1,Không có,1,2024-04-29 17:00:00,NULL
5333,375,Hoàng Thị Cường,557553274,hoangthicuong178@vku.udn.vn,1,1,Không có,1,2024-06-29 17:00:00,NULL
5334,295,Phan Minh Dũng,637352358,phanminhdung245@hotmail.com,2,0,Không có,1,2024-02-15 17:00:00,NULL
5335,87,Lê Thanh Trang,828463258,lethanhtrang617@vku.udn.vn,3,2,Không có,1,2024-01-22 17:00:00,NULL
5336,318,Phan Quốc Bình,654549587,phanquocbinh639@hotmail.com,2,0,Không có,1,2024-01-15 17:00:00,NULL
5337,90,Đặng Hải Hùng,928520756,danghaihung995@vku.udn.vn,3,0,Không có,1,2024-03-10 17:00:00,NULL
5338,73,Lý Minh Trang,718357752,lyminhtrang387@hotmail.com,3,0,Không có,1,2024-06-25 17:00:00,NULL
5339,323,Võ Hải Mai,529460134,vohaimai524@outlook.com,3,1,Không có,1,2024-02-22 17:00:00,NULL
5340,337,Dương Hoàng Linh,812153089,duonghoanglinh7@hotmail.com,2,3,Không có,1,2024-04-24 17:00:00,NULL
5341,293,Trần Đức Linh,428727266,tranduclinh965@vku.udn.vn,1,2,Không có,1,2024-04-15 17:00:00,NULL
5342,289,Hoàng Hải Hùng,754200826,hoanghaihung714@vku.udn.vn,3,3,Không có,1,2024-05-12 17:00:00,NULL
5343,130,Trần Thanh Trang,910261760,tranthanhtrang435@outlook.com,3,0,Không có,1,2024-11-02 17:00:00,NULL
5344,43,Trần Thị Nga,558439516,tranthinga328@outlook.com,3,0,Không có,1,2024-04-19 17:00:00,NULL
5345,317,Phạm Minh Anh,768213197,phamminhanh2@vku.udn.vn,3,2,Không có,1,2024-11-24 17:00:00,NULL
5346,124,Trần Hoàng Cường,520879556,tranhoangcuong403@yahoo.com,3,0,Không có,1,2024-03-08 17:00:00,NULL
5347,5,Bùi Quốc Hương,769107126,buiquochuong893@gmail.com,3,2,Không có,1,2024-09-27 17:00:00,NULL
5348,394,Đỗ Hữu Mai,613383963,dohuumai522@hotmail.com,3,1,Không có,1,2024-02-01 17:00:00,NULL
5349,114,Ngô Minh Cường,651219395,ngominhcuong33@vku.udn.vn,3,0,Không có,1,2024-07-29 17:00:00,NULL
5350,298,Lê Thanh Hương,373864104,lethanhhuong901@yahoo.com,2,0,Không có,1,2024-03-13 17:00:00,NULL
5351,297,Bùi Hoàng Bình,378663096,buihoangbinh551@yahoo.com,1,0,Không có,1,2024-04-21 17:00:00,NULL
5352,265,Hoàng Hoàng Linh,926563708,hoanghoanglinh409@hotmail.com,3,0,Không có,1,2024-10-12 17:00:00,NULL
5353,6,Phạm Thanh Trang,880739320,phamthanhtrang469@yahoo.com,1,0,Không có,1,2024-10-17 17:00:00,NULL
5354,17,Vũ Quốc Lan,585124760,vuquoclan327@yahoo.com,3,2,Không có,1,2024-04-23 17:00:00,NULL
5355,117,Nguyễn Minh Hạnh,308146623,nguyenminhhanh911@gmail.com,1,2,Không có,1,2024-10-08 17:00:00,NULL
5356,354,Bùi Thu Phong,819151495,buithuphong477@outlook.com,2,0,Không có,1,2024-05-18 17:00:00,NULL
5357,89,Phan Hoàng Hạnh,741434991,phanhoanghanh277@hotmail.com,1,0,Không có,1,2024-09-01 17:00:00,NULL
5358,82,Bùi Thu Anh,385696127,buithuanh784@gmail.com,2,3,Không có,1,2024-04-24 17:00:00,NULL
5359,105,Đỗ Quốc Linh,352428046,doquoclinh867@vku.udn.vn,1,0,Không có,1,2024-10-19 17:00:00,NULL
5360,263,Trần Đức Hương,909004943,tranduchuong898@hotmail.com,3,0,Không có,1,2024-07-09 17:00:00,NULL
5361,86,Bùi Thị Nam,797120372,buithinam440@outlook.com,1,0,Không có,1,2024-09-03 17:00:00,NULL
5362,68,Võ Thu Linh,300214485,vothulinh921@vku.udn.vn,3,0,Không có,1,2024-10-04 17:00:00,NULL
5363,315,Lê Hoàng Hùng,341078352,lehoanghung112@vku.udn.vn,1,3,Không có,1,2024-05-05 17:00:00,NULL
5364,281,Đặng Đức Hùng,821209849,dangduchung220@vku.udn.vn,2,3,Không có,1,2024-12-28 17:00:00,NULL
5365,359,Trần Đức Nam,736398872,tranducnam501@vku.udn.vn,3,1,Không có,1,2024-12-09 17:00:00,NULL
5366,368,Đỗ Hải Bình,313169872,dohaibinh588@hotmail.com,1,0,Không có,1,2024-07-26 17:00:00,NULL
5367,354,Bùi Thu Phong,819151495,buithuphong477@outlook.com,1,2,Không có,1,2024-01-30 17:00:00,NULL
5368,352,Nguyễn Quốc Hạnh,826350075,nguyenquochanh109@outlook.com,2,0,Không có,1,2024-05-17 17:00:00,NULL
5369,37,Ngô Thu Bình,300872851,ngothubinh367@vku.udn.vn,2,0,Không có,1,2024-11-19 17:00:00,NULL
5370,310,Lê Thanh Phong,742073642,lethanhphong822@yahoo.com,2,0,Không có,1,2024-12-28 17:00:00,NULL
5371,359,Trần Đức Nam,736398872,tranducnam501@vku.udn.vn,2,2,Không có,1,2024-03-01 17:00:00,NULL
5372,251,Đỗ Thu Bình,934036506,dothubinh433@gmail.com,1,2,Không có,1,2024-05-30 17:00:00,NULL
5373,371,Ngô Hoàng Hùng,391462297,ngohoanghung255@gmail.com,3,2,Không có,1,2024-12-27 17:00:00,NULL
5374,290,Lê Đức Hùng,533754555,leduchung992@gmail.com,1,0,Không có,1,2024-01-08 17:00:00,NULL
5375,7,Nguyễn Hải Mai,428065284,nguyenhaimai790@yahoo.com,3,1,Không có,1,2024-09-10 17:00:00,NULL
5376,365,Hồ Hoàng Phong,863324548,hohoangphong612@hotmail.com,3,0,Không có,1,2024-02-29 17:00:00,NULL
5377,118,Phạm Thu Dũng,536901841,phamthudung664@yahoo.com,1,0,Không có,1,2024-05-22 17:00:00,NULL
5378,83,Lý Quốc Long,461097679,lyquoclong188@hotmail.com,3,0,Không có,1,2024-05-09 17:00:00,NULL
5379,48,Vũ Thu Trang,515542390,vuthutrang257@yahoo.com,3,0,Không có,1,2024-09-03 17:00:00,NULL
5380,384,Bùi Văn Phong,488109614,buivanphong482@vku.udn.vn,3,3,Không có,1,2024-12-21 17:00:00,NULL
5381,343,Võ Thanh Lan,707083673,vothanhlan285@outlook.com,2,2,Không có,1,2024-07-10 17:00:00,NULL
5382,364,Hồ Thu Phong,498803134,hothuphong197@yahoo.com,3,0,Không có,1,2024-03-13 17:00:00,NULL
5383,106,Đặng Hoàng Dũng,918511317,danghoangdung426@hotmail.com,2,0,Không có,1,2024-07-30 17:00:00,NULL
5384,363,Hoàng Minh Hùng,547538338,hoangminhhung124@yahoo.com,1,0,Không có,1,2024-06-20 17:00:00,NULL
5385,74,Lý Văn Cường,329851936,lyvancuong746@gmail.com,2,2,Không có,1,2024-02-28 17:00:00,NULL
5386,303,Hoàng Văn Bình,981057736,hoangvanbinh434@hotmail.com,1,3,Không có,1,2024-11-02 17:00:00,NULL
5387,281,Đặng Đức Hùng,821209849,dangduchung220@vku.udn.vn,3,3,Không có,1,2024-10-26 17:00:00,NULL
5388,30,Lý Thu Dũng,626178774,lythudung368@yahoo.com,1,3,Không có,1,2023-12-31 17:00:00,NULL
5389,276,Đặng Hữu Hùng,866585408,danghuuhung894@vku.udn.vn,2,0,Không có,1,2024-04-12 17:00:00,NULL
5390,369,Võ Thanh Cường,355165334,vothanhcuong259@outlook.com,3,0,Không có,1,2024-06-27 17:00:00,NULL
5391,350,Trần Minh Hạnh,944687060,tranminhhanh825@gmail.com,2,0,Không có,1,2024-10-30 17:00:00,NULL
5392,335,Hồ Đức Bình,745461013,hoducbinh418@hotmail.com,2,0,Không có,1,2024-12-08 17:00:00,NULL
5393,45,Lê Hoàng Nga,850614785,lehoangnga202@hotmail.com,2,0,Không có,1,2024-09-13 17:00:00,NULL
5394,375,Hoàng Thị Cường,557553274,hoangthicuong178@vku.udn.vn,3,0,Không có,1,2024-06-26 17:00:00,NULL
5395,291,Nguyễn Thanh Anh,353839920,nguyenthanhanh599@outlook.com,2,0,Không có,1,2024-12-27 17:00:00,NULL
5396,37,Lý Thị Nam,791889525,lythinam874@gmail.com,3,1,Không có,1,2024-10-17 17:00:00,NULL
5397,114,Ngô Hữu Anh,733569093,ngohuuanh853@outlook.com,1,0,Không có,1,2024-06-05 17:00:00,NULL
5398,326,Võ Hoàng Hạnh,378198716,vohoanghanh467@outlook.com,3,1,Không có,1,2024-09-18 17:00:00,NULL
5399,361,Hồ Đức Hùng,924440558,hoduchung378@outlook.com,3,0,Không có,1,2024-04-21 17:00:00,NULL
5400,266,Đặng Hải Bình,350590821,danghaibinh882@gmail.com,3,2,Không có,1,2024-07-11 17:00:00,NULL
5401,302,Phạm Thanh Dũng,981007818,phamthanhdung874@hotmail.com,2,2,Không có,1,2024-04-24 17:00:00,NULL
5402,281,Đặng Đức Hùng,821209849,dangduchung220@vku.udn.vn,3,0,Không có,1,2024-07-30 17:00:00,NULL
5403,101,Bùi Minh Hương,461455910,buiminhhuong414@yahoo.com,3,2,Không có,1,2024-06-13 17:00:00,NULL
5404,279,Nguyễn Hoàng Nga,547083812,nguyenhoangnga603@yahoo.com,2,3,Không có,1,2024-08-19 17:00:00,NULL
5405,58,Dương Hải Hùng,595748886,duonghaihung591@outlook.com,3,2,Không có,1,2024-03-04 17:00:00,NULL
5406,60,Vũ Thị Hạnh,921561833,vuthihanh576@outlook.com,3,1,Không có,1,2024-10-05 17:00:00,NULL
5407,70,Hồ Hoàng Hạnh,928213843,hohoanghanh925@yahoo.com,3,2,Không có,1,2024-01-10 17:00:00,NULL
5408,280,Hồ Văn Dũng,372370545,hovandung928@gmail.com,1,1,Không có,1,2024-12-13 17:00:00,NULL
5409,49,Phan Đức Hùng,998786621,phanduchung778@vku.udn.vn,2,0,Không có,1,2024-06-05 17:00:00,NULL
5410,42,Phạm Hữu Hạnh,912220500,phamhuuhanh72@outlook.com,1,0,Không có,1,2024-06-22 17:00:00,NULL
5411,279,Nguyễn Hoàng Nga,547083812,nguyenhoangnga603@yahoo.com,2,0,Không có,1,2024-09-11 17:00:00,NULL
5412,91,Hồ Hải Lan,472245865,hohailan915@outlook.com,1,0,Không có,1,2024-05-16 17:00:00,NULL
5413,387,Vũ Hải Hùng,729982328,vuhaihung834@vku.udn.vn,1,1,Không có,1,2024-10-26 17:00:00,NULL
5414,113,Đặng Hoàng Cường,666440319,danghoangcuong342@outlook.com,3,0,Không có,1,2024-03-08 17:00:00,NULL
5415,311,Ngô Thị Linh,341580226,ngothilinh880@outlook.com,2,0,Không có,1,2024-11-25 17:00:00,NULL
5416,292,Lê Văn Nga,386019028,levannga872@yahoo.com,2,3,Không có,1,2024-09-15 17:00:00,NULL
5417,78,Lý Thị Hùng,720885322,lythihung209@yahoo.com,3,3,Không có,1,2024-04-23 17:00:00,NULL
5418,62,Bùi Hữu Linh,962096053,buihuulinh711@hotmail.com,3,3,Không có,1,2024-01-10 17:00:00,NULL
5419,52,Trần Văn Cường,801471333,tranvancuong614@yahoo.com,1,2,Không có,1,2024-09-22 17:00:00,NULL
5420,279,Nguyễn Hoàng Nga,547083812,nguyenhoangnga603@yahoo.com,2,0,Không có,1,2024-05-16 17:00:00,NULL
5421,277,Lý Thu Phong,515984311,lythuphong731@hotmail.com,2,3,Không có,1,2024-06-05 17:00:00,NULL
5422,110,Lê Hải Dũng,815917133,lehaidung759@outlook.com,2,0,Không có,1,2024-12-18 17:00:00,NULL
5423,100,Dương Minh Dũng,774791856,duongminhdung538@yahoo.com,1,2,Không có,1,2023-12-31 17:00:00,NULL
5424,61,Võ Thị Anh,467981445,vothianh484@vku.udn.vn,1,0,Không có,1,2024-06-25 17:00:00,NULL
5425,274,Nguyễn Đức Hương,909194872,nguyenduchuong970@gmail.com,1,0,Không có,1,2024-03-24 17:00:00,NULL
5426,336,Vũ Văn Dũng,751125671,vuvandung399@vku.udn.vn,3,0,Không có,1,2024-12-17 17:00:00,NULL
5427,395,Võ Đức Mai,891916368,voducmai149@outlook.com,3,3,Không có,1,2024-09-19 17:00:00,NULL
5428,382,Bùi Văn Hương,763887247,buivanhuong753@hotmail.com,2,0,Không có,1,2024-08-19 17:00:00,NULL
5429,360,Đỗ Hải Mai,318514813,dohaimai96@hotmail.com,2,0,Không có,1,2024-10-02 17:00:00,NULL
5430,109,Đỗ Quốc Lan,338566047,doquoclan47@yahoo.com,2,3,Không có,1,2024-12-30 17:00:00,NULL
5431,276,Đặng Hữu Hùng,866585408,danghuuhung894@vku.udn.vn,2,1,Không có,1,2024-04-11 17:00:00,NULL
5432,126,Hồ Hải Trang,583569000,hohaitrang642@vku.udn.vn,2,0,Không có,1,2024-01-02 17:00:00,NULL
5433,396,Đặng Hữu Hạnh,374958005,danghuuhanh283@outlook.com,3,2,Không có,1,2024-11-11 17:00:00,NULL
5434,279,Nguyễn Hoàng Nga,547083812,nguyenhoangnga603@yahoo.com,1,0,Không có,1,2024-03-01 17:00:00,NULL
5435,392,Đỗ Hoàng Phong,556943695,dohoangphong727@yahoo.com,1,2,Không có,1,2024-01-31 17:00:00,NULL
5436,265,Hoàng Hoàng Linh,926563708,hoanghoanglinh409@hotmail.com,2,3,Không có,1,2024-05-02 17:00:00,NULL
5437,59,Võ Thu Dũng,707595601,vothudung190@gmail.com,3,0,Không có,1,2024-04-28 17:00:00,NULL
5438,269,Ngô Minh Phong,988227492,ngominhphong349@gmail.com,2,0,Không có,1,2024-04-09 17:00:00,NULL
5439,398,Dương Hữu Mai,878296492,duonghuumai496@hotmail.com,1,2,Không có,1,2024-09-07 17:00:00,NULL
5440,378,Đỗ Đức Linh,423240112,doduclinh558@yahoo.com,2,0,Không có,1,2024-08-14 17:00:00,NULL
5441,23,Vũ Văn Nga,704555889,vuvannga758@vku.udn.vn,3,0,Không có,1,2024-10-08 17:00:00,NULL
5442,144,Hoàng Thu Hương,518496847,hoangthuhuong902@hotmail.com,1,1,Không có,1,2024-09-23 17:00:00,NULL
5443,70,Trần Hữu Hùng,628418277,tranhuuhung513@hotmail.com,1,1,Không có,1,2024-07-27 17:00:00,NULL
5444,353,Hồ Hữu Linh,489125618,hohuulinh752@vku.udn.vn,3,0,Không có,1,2024-03-19 17:00:00,NULL
5445,98,Lê Hải Linh,458293223,lehailinh655@hotmail.com,1,3,Không có,1,2024-09-07 17:00:00,NULL
5446,94,Đỗ Thu Cường,654041929,dothucuong123@gmail.com,2,1,Không có,1,2024-11-12 17:00:00,NULL
5447,313,Đỗ Đức Linh,652468587,doduclinh286@gmail.com,2,0,Không có,1,2024-04-12 17:00:00,NULL
5448,141,Bùi Văn Nga,900399849,buivannga464@vku.udn.vn,1,0,Không có,1,2024-09-02 17:00:00,NULL
5449,105,Phan Đức Trang,667254682,phanductrang933@gmail.com,1,0,Không có,1,2024-12-05 17:00:00,NULL
5450,17,Bùi Minh Trang,441059637,buiminhtrang282@hotmail.com,3,0,Không có,1,2024-06-26 17:00:00,NULL
5451,42,Võ Thanh Dũng,649014435,vothanhdung283@vku.udn.vn,3,3,Không có,1,2024-01-05 17:00:00,NULL
5452,309,Lý Đức Hạnh,474484941,lyduchanh820@yahoo.com,3,3,Không có,1,2024-04-23 17:00:00,NULL
5453,118,Hồ Hải Mai,629532119,hohaimai478@vku.udn.vn,1,1,Không có,1,2024-02-09 17:00:00,NULL
5454,20,Hồ Hải Cường,364742181,hohaicuong866@outlook.com,3,3,Không có,1,2024-02-07 17:00:00,NULL
5455,103,Vũ Hoàng Trang,431163184,vuhoangtrang438@vku.udn.vn,3,1,Không có,1,2024-05-05 17:00:00,NULL
5456,385,Lý Minh Cường,928492896,lyminhcuong447@outlook.com,1,0,Không có,1,2024-02-21 17:00:00,NULL
5457,140,Trần Văn Cường,976339499,tranvancuong968@gmail.com,1,0,Không có,1,2024-12-20 17:00:00,NULL
5458,33,Đỗ Hoàng Mai,680654956,dohoangmai831@vku.udn.vn,3,0,Không có,1,2024-03-24 17:00:00,NULL
5459,268,Đặng Minh Nga,312327652,dangminhnga697@gmail.com,2,2,Không có,1,2024-10-22 17:00:00,NULL
5460,375,Hoàng Thị Cường,557553274,hoangthicuong178@vku.udn.vn,2,0,Không có,1,2024-06-14 17:00:00,NULL
5461,67,Phan Đức Trang,847099782,phanductrang701@outlook.com,1,0,Không có,1,2024-05-11 17:00:00,NULL
5462,117,Đỗ Quốc Bình,343629073,doquocbinh688@vku.udn.vn,3,0,Không có,1,2024-08-14 17:00:00,NULL
5463,327,Phạm Quốc Mai,729123992,phamquocmai250@yahoo.com,3,0,Không có,1,2024-11-23 17:00:00,NULL
5464,365,Hồ Hoàng Phong,863324548,hohoangphong612@hotmail.com,2,0,Không có,1,2024-06-13 17:00:00,NULL
5465,82,Đặng Thanh Nga,458626569,dangthanhnga726@yahoo.com,2,2,Không có,1,2024-09-03 17:00:00,NULL
5466,311,Ngô Thị Linh,341580226,ngothilinh880@outlook.com,1,2,Không có,1,2024-09-15 17:00:00,NULL
5467,288,Phạm Quốc Hương,362959284,phamquochuong169@outlook.com,2,3,Không có,1,2024-03-10 17:00:00,NULL
5468,377,Hoàng Minh Nam,787512424,hoangminhnam73@yahoo.com,1,3,Không có,1,2024-03-30 17:00:00,NULL
5469,135,Trần Hoàng Nga,984806821,tranhoangnga716@yahoo.com,3,3,Không có,1,2024-08-28 17:00:00,NULL
5470,350,Trần Minh Hạnh,944687060,tranminhhanh825@gmail.com,3,0,Không có,1,2024-12-24 17:00:00,NULL
5471,358,Lý Hoàng Nam,596641124,lyhoangnam570@gmail.com,3,0,Không có,1,2024-10-19 17:00:00,NULL
5472,10,Lý Thị Trang,575151845,lythitrang103@yahoo.com,3,0,Không có,1,2024-04-24 17:00:00,NULL
5473,77,Trần Thu Bình,474889892,tranthubinh314@hotmail.com,1,0,Không có,1,2024-05-24 17:00:00,NULL
5474,250,Đỗ Thị Anh,595310485,dothianh251@yahoo.com,1,0,Không có,1,2024-11-11 17:00:00,NULL
5475,277,Lý Thu Phong,515984311,lythuphong731@hotmail.com,2,0,Không có,1,2024-12-14 17:00:00,NULL
5476,142,Đặng Đức Long,834455200,dangduclong438@vku.udn.vn,2,2,Không có,1,2024-12-11 17:00:00,NULL
5477,54,Trần Hải Nam,412418887,tranhainam289@vku.udn.vn,2,0,Không có,1,2024-01-04 17:00:00,NULL
5478,273,Phan Hải Anh,420117054,phanhaianh952@hotmail.com,1,1,Không có,1,2024-10-28 17:00:00,NULL
5479,327,Phạm Quốc Mai,729123992,phamquocmai250@yahoo.com,3,1,Không có,1,2024-05-10 17:00:00,NULL
5480,319,Hồ Minh Nga,632091877,hominhnga683@outlook.com,3,3,Không có,1,2024-02-29 17:00:00,NULL
5481,144,Hồ Minh Nga,511753002,hominhnga194@gmail.com,3,1,Không có,1,2024-01-14 17:00:00,NULL
5482,70,Bùi Văn Mai,627808507,buivanmai561@yahoo.com,1,0,Không có,1,2024-07-25 17:00:00,NULL
5483,288,Phạm Quốc Hương,362959284,phamquochuong169@outlook.com,3,0,Không có,1,2024-10-07 17:00:00,NULL
5484,36,Hoàng Minh Dũng,478337568,hoangminhdung237@gmail.com,2,0,Không có,1,2024-04-25 17:00:00,NULL
5485,343,Võ Thanh Lan,707083673,vothanhlan285@outlook.com,1,0,Không có,1,2024-03-02 17:00:00,NULL
5486,96,Vũ Hoàng Linh,705120634,vuhoanglinh793@outlook.com,2,0,Không có,1,2024-04-12 17:00:00,NULL
5487,255,Vũ Thị Lan,669319644,vuthilan619@hotmail.com,3,0,Không có,1,2024-10-08 17:00:00,NULL
5488,312,Dương Hải Lan,627696198,duonghailan841@yahoo.com,2,0,Không có,1,2024-09-29 17:00:00,NULL
5489,363,Hoàng Minh Hùng,547538338,hoangminhhung124@yahoo.com,2,3,Không có,1,2024-08-05 17:00:00,NULL
5490,130,Hồ Thu Linh,453215993,hothulinh200@yahoo.com,1,0,Không có,1,2024-03-24 17:00:00,NULL
5491,32,Lê Quốc Hùng,860780439,lequochung131@vku.udn.vn,2,2,Không có,1,2024-08-22 17:00:00,NULL
5492,315,Lê Hoàng Hùng,341078352,lehoanghung112@vku.udn.vn,2,1,Không có,1,2024-07-30 17:00:00,NULL
5493,72,Vũ Quốc Lan,327821543,vuquoclan193@yahoo.com,2,1,Không có,1,2024-12-09 17:00:00,NULL
5494,135,Đặng Hải Mai,368320536,danghaimai42@gmail.com,3,0,Không có,1,2024-10-13 17:00:00,NULL
5495,309,Lý Đức Hạnh,474484941,lyduchanh820@yahoo.com,3,1,Không có,1,2024-02-06 17:00:00,NULL
5496,61,Nguyễn Quốc Nga,532299239,nguyenquocnga79@vku.udn.vn,2,2,Không có,1,2024-03-02 17:00:00,NULL
5497,368,Đỗ Hải Bình,313169872,dohaibinh588@hotmail.com,3,0,Không có,1,2024-04-18 17:00:00,NULL
5498,255,Vũ Thị Lan,669319644,vuthilan619@hotmail.com,3,0,Không có,1,2024-06-23 17:00:00,NULL
5499,380,Bùi Hoàng Hương,609893263,buihoanghuong450@gmail.com,2,0,Không có,1,2024-10-18 17:00:00,NULL
5500,132,Ngô Đức Long,343658230,ngoduclong208@hotmail.com,2,2,Không có,1,2024-01-27 17:00:00,NULL
5501,35,Đặng Hải Lan,649731939,danghailan374@yahoo.com,3,0,Không có,1,2024-05-05 17:00:00,NULL
5502,356,Bùi Hoàng Long,706936666,buihoanglong345@gmail.com,3,1,Không có,1,2024-03-21 17:00:00,NULL
5503,73,Võ Hoàng Anh,820182938,vohoanganh154@hotmail.com,2,1,Không có,1,2024-04-25 17:00:00,NULL
5504,20,Đặng Minh Lan,648160439,dangminhlan682@outlook.com,2,0,Không có,1,2024-04-14 17:00:00,NULL
5505,322,Hoàng Minh Dũng,761588882,hoangminhdung805@vku.udn.vn,1,3,Không có,1,2024-09-20 17:00:00,NULL
5506,6,Hồ Quốc Anh,571355028,hoquocanh798@outlook.com,1,1,Không có,1,2024-03-25 17:00:00,NULL
5507,367,Lê Minh Anh,358546865,leminhanh567@hotmail.com,2,1,Không có,1,2024-08-28 17:00:00,NULL
5508,384,Bùi Văn Phong,488109614,buivanphong482@vku.udn.vn,1,0,Không có,1,2024-12-26 17:00:00,NULL
5509,386,Phan Quốc Lan,644733679,phanquoclan687@gmail.com,3,2,Không có,1,2024-12-23 17:00:00,NULL
5510,17,Bùi Hoàng Lan,838698185,buihoanglan137@hotmail.com,1,0,Không có,1,2024-12-10 17:00:00,NULL
5511,16,Vũ Thanh Trang,534203632,vuthanhtrang231@outlook.com,2,0,Không có,1,2024-01-16 17:00:00,NULL
5512,49,Nguyễn Thị Trang,598105830,nguyenthitrang185@hotmail.com,1,2,Không có,1,2024-02-17 17:00:00,NULL
5513,269,Ngô Minh Phong,988227492,ngominhphong349@gmail.com,2,3,Không có,1,2024-11-19 17:00:00,NULL
5514,305,Đặng Văn Bình,380792472,dangvanbinh968@yahoo.com,3,0,Không có,1,2024-10-15 17:00:00,NULL
5515,56,Bùi Văn Anh,729239154,buivananh605@gmail.com,1,2,Không có,1,2024-05-31 17:00:00,NULL
5516,9,Phạm Văn Anh,411384031,phamvananh739@vku.udn.vn,2,0,Không có,1,2024-04-20 17:00:00,NULL
5517,41,Vũ Đức Bình,613080370,vuducbinh824@vku.udn.vn,2,0,Không có,1,2024-01-19 17:00:00,NULL
5518,105,Phạm Thu Hùng,994673642,phamthuhung260@gmail.com,1,1,Không có,1,2024-04-06 17:00:00,NULL
5519,391,Đặng Hữu Hương,609268943,danghuuhuong449@outlook.com,2,3,Không có,1,2024-07-07 17:00:00,NULL
5520,255,Vũ Thị Lan,669319644,vuthilan619@hotmail.com,1,0,Không có,1,2024-09-01 17:00:00,NULL
5521,75,Lê Thu Lan,463336760,lethulan525@gmail.com,1,2,Không có,1,2024-10-09 17:00:00,NULL
5522,84,Đặng Thanh Mai,340611367,dangthanhmai547@outlook.com,3,0,Không có,1,2024-07-16 17:00:00,NULL
5523,110,Lê Hải Nam,871822488,lehainam231@vku.udn.vn,1,2,Không có,1,2024-08-26 17:00:00,NULL
5524,376,Nguyễn Quốc Mai,937599912,nguyenquocmai482@hotmail.com,1,0,Không có,1,2024-09-01 17:00:00,NULL
5525,276,Đặng Hữu Hùng,866585408,danghuuhung894@vku.udn.vn,1,0,Không có,1,2024-09-05 17:00:00,NULL
5526,39,Đặng Minh Dũng,696951561,dangminhdung595@vku.udn.vn,3,3,Không có,1,2024-12-14 17:00:00,NULL
5527,14,Vũ Thanh Cường,814029236,vuthanhcuong904@vku.udn.vn,3,0,Không có,1,2024-11-08 17:00:00,NULL
5528,332,Hoàng Đức Hạnh,984683755,hoangduchanh284@vku.udn.vn,1,0,Không có,1,2024-09-05 17:00:00,NULL
5529,54,Lý Thị Linh,578258576,lythilinh371@gmail.com,1,3,Không có,1,2024-03-19 17:00:00,NULL
5530,272,Lê Thanh Phong,473461957,lethanhphong553@vku.udn.vn,2,1,Không có,1,2024-06-01 17:00:00,NULL
5531,58,Trần Hữu Bình,589400710,tranhuubinh712@hotmail.com,3,2,Không có,1,2024-04-14 17:00:00,NULL
5532,328,Lý Thị Phong,756497252,lythiphong225@yahoo.com,2,0,Không có,1,2024-09-24 17:00:00,NULL
5533,7,Nguyễn Thu Cường,986577222,nguyenthucuong242@yahoo.com,1,0,Không có,1,2024-06-10 17:00:00,NULL
5534,53,Hoàng Thanh Hạnh,607463480,hoangthanhhanh815@outlook.com,2,0,Không có,1,2024-07-01 17:00:00,NULL
5535,348,Ngô Hữu Hùng,416070149,ngohuuhung593@gmail.com,1,0,Không có,1,2024-05-15 17:00:00,NULL
5536,332,Hoàng Đức Hạnh,984683755,hoangduchanh284@vku.udn.vn,3,1,Không có,1,2024-06-14 17:00:00,NULL
5537,111,Lý Hữu Hương,980828783,lyhuuhuong697@outlook.com,3,3,Không có,1,2024-10-16 17:00:00,NULL
5538,121,Đỗ Thị Hùng,831698712,dothihung873@gmail.com,2,0,Không có,1,2024-08-12 17:00:00,NULL
5539,285,Phạm Thu Mai,450519597,phamthumai433@yahoo.com,2,0,Không có,1,2024-12-20 17:00:00,NULL
5540,331,Bùi Thu Linh,888273030,buithulinh457@yahoo.com,1,3,Không có,1,2024-04-09 17:00:00,NULL
5541,14,Nguyễn Thu Nam,902058890,nguyenthunam861@hotmail.com,3,0,Không có,1,2024-10-09 17:00:00,NULL
5542,122,Nguyễn Thu Lan,488454628,nguyenthulan763@outlook.com,2,0,Không có,1,2024-09-07 17:00:00,NULL
5543,24,Hồ Minh Bình,666641491,hominhbinh533@vku.udn.vn,1,2,Không có,1,2024-02-21 17:00:00,NULL
5544,348,Ngô Hữu Hùng,416070149,ngohuuhung593@gmail.com,2,0,Không có,1,2024-06-08 17:00:00,NULL
5545,49,Đỗ Hải Cường,302260715,dohaicuong584@yahoo.com,2,0,Không có,1,2024-11-19 17:00:00,NULL
5546,378,Đỗ Đức Linh,423240112,doduclinh558@yahoo.com,2,3,Không có,1,2024-10-31 17:00:00,NULL
5547,351,Phan Thu Linh,697897455,phanthulinh71@vku.udn.vn,2,0,Không có,1,2024-03-10 17:00:00,NULL
5548,55,Phạm Văn Mai,531341821,phamvanmai282@gmail.com,3,2,Không có,1,2024-11-12 17:00:00,NULL
5549,344,Võ Văn Nam,879196799,vovannam54@hotmail.com,3,0,Không có,1,2024-07-23 17:00:00,NULL
5550,303,Hoàng Văn Bình,981057736,hoangvanbinh434@hotmail.com,1,1,Không có,1,2024-02-04 17:00:00,NULL
5551,270,Lê Hải Anh,582811832,lehaianh996@vku.udn.vn,1,1,Không có,1,2024-03-24 17:00:00,NULL
5552,397,Hoàng Văn Hùng,620571903,hoangvanhung858@vku.udn.vn,2,2,Không có,1,2024-12-05 17:00:00,NULL
5553,110,Phạm Hữu Lan,415812020,phamhuulan219@outlook.com,2,0,Không có,1,2024-10-17 17:00:00,NULL
5554,116,Võ Thu Phong,613697916,vothuphong807@yahoo.com,1,0,Không có,1,2024-02-05 17:00:00,NULL
5555,128,Phạm Thị Lan,405272598,phamthilan163@outlook.com,2,1,Không có,1,2024-03-26 17:00:00,NULL
5556,297,Bùi Hoàng Bình,378663096,buihoangbinh551@yahoo.com,1,0,Không có,1,2024-07-13 17:00:00,NULL
5557,310,Lê Thanh Phong,742073642,lethanhphong822@yahoo.com,3,1,Không có,1,2024-10-04 17:00:00,NULL
5558,384,Bùi Văn Phong,488109614,buivanphong482@vku.udn.vn,3,0,Không có,1,2024-05-22 17:00:00,NULL
5559,122,Trần Thu Dũng,902193640,tranthudung369@outlook.com,2,0,Không có,1,2024-08-14 17:00:00,NULL
5560,337,Dương Hoàng Linh,812153089,duonghoanglinh7@hotmail.com,2,1,Không có,1,2024-07-05 17:00:00,NULL
5561,133,Đỗ Thị Mai,861025929,dothimai273@yahoo.com,3,3,Không có,1,2024-11-11 17:00:00,NULL
5562,272,Lê Thanh Phong,473461957,lethanhphong553@vku.udn.vn,2,3,Không có,1,2024-12-29 17:00:00,NULL
5563,370,Vũ Hải Bình,919571745,vuhaibinh645@gmail.com,2,2,Không có,1,2024-11-28 17:00:00,NULL
5564,323,Võ Hải Mai,529460134,vohaimai524@outlook.com,2,0,Không có,1,2024-04-11 17:00:00,NULL
5565,78,Nguyễn Thu Linh,781855910,nguyenthulinh183@gmail.com,2,1,Không có,1,2024-08-04 17:00:00,NULL
5566,51,Trần Thu Hạnh,868206167,tranthuhanh861@gmail.com,1,3,Không có,1,2024-12-25 17:00:00,NULL
5567,386,Phan Quốc Lan,644733679,phanquoclan687@gmail.com,2,0,Không có,1,2024-01-01 17:00:00,NULL
5568,389,Đỗ Thu Mai,743721204,dothumai56@yahoo.com,3,0,Không có,1,2024-03-29 17:00:00,NULL
5569,265,Hoàng Hoàng Linh,926563708,hoanghoanglinh409@hotmail.com,3,0,Không có,1,2024-01-09 17:00:00,NULL
5570,319,Hồ Minh Nga,632091877,hominhnga683@outlook.com,3,1,Không có,1,2024-10-17 17:00:00,NULL
5571,105,Lý Hoàng Nga,394114042,lyhoangnga144@hotmail.com,2,3,Không có,1,2024-03-31 17:00:00,NULL
5572,88,Ngô Quốc Phong,375641606,ngoquocphong864@hotmail.com,1,0,Không có,1,2024-11-28 17:00:00,NULL
5573,122,Võ Hoàng Trang,643478914,vohoangtrang721@vku.udn.vn,1,2,Không có,1,2024-01-10 17:00:00,NULL
5574,250,Đỗ Thị Anh,595310485,dothianh251@yahoo.com,1,3,Không có,1,2024-08-26 17:00:00,NULL
5575,389,Đỗ Thu Mai,743721204,dothumai56@yahoo.com,3,0,Không có,1,2024-01-04 17:00:00,NULL
5576,270,Lê Hải Anh,582811832,lehaianh996@vku.udn.vn,3,1,Không có,1,2024-08-02 17:00:00,NULL
5577,71,Đặng Hải Hạnh,634706283,danghaihanh737@vku.udn.vn,2,1,Không có,1,2024-11-04 17:00:00,NULL
5578,23,Hoàng Thu Hạnh,405686937,hoangthuhanh292@outlook.com,1,0,Không có,1,2024-03-19 17:00:00,NULL
5579,289,Hoàng Hải Hùng,754200826,hoanghaihung714@vku.udn.vn,2,1,Không có,1,2024-01-04 17:00:00,NULL
5580,138,Ngô Đức Bình,701930061,ngoducbinh667@vku.udn.vn,2,0,Không có,1,2024-04-25 17:00:00,NULL
5581,320,Hồ Minh Nga,436674237,hominhnga197@outlook.com,1,0,Không có,1,2024-09-28 17:00:00,NULL
5582,355,Phan Đức Hạnh,393053577,phanduchanh286@outlook.com,1,0,Không có,1,2024-05-23 17:00:00,NULL
5583,366,Hoàng Đức Lan,492673892,hoangduclan310@gmail.com,3,0,Không có,1,2024-02-22 17:00:00,NULL
5584,303,Hoàng Văn Bình,981057736,hoangvanbinh434@hotmail.com,2,0,Không có,1,2024-10-16 17:00:00,NULL
5585,13,Đặng Hoàng Dũng,485252577,danghoangdung606@hotmail.com,2,2,Không có,1,2024-09-09 17:00:00,NULL
5586,95,Vũ Hữu Hạnh,347992251,vuhuuhanh645@yahoo.com,1,0,Không có,1,2024-02-24 17:00:00,NULL
5587,69,Hoàng Văn Cường,884487312,hoangvancuong657@outlook.com,1,1,Không có,1,2024-12-14 17:00:00,NULL
5588,275,Dương Thị Phong,871988889,duongthiphong785@yahoo.com,2,2,Không có,1,2024-05-11 17:00:00,NULL
5589,377,Hoàng Minh Nam,787512424,hoangminhnam73@yahoo.com,1,1,Không có,1,2024-02-23 17:00:00,NULL
5590,319,Hồ Minh Nga,632091877,hominhnga683@outlook.com,1,2,Không có,1,2024-10-16 17:00:00,NULL
5591,347,Võ Minh Phong,696098177,vominhphong172@vku.udn.vn,2,2,Không có,1,2024-07-30 17:00:00,NULL
5592,60,Lý Đức Cường,331658661,lyduccuong33@gmail.com,3,1,Không có,1,2024-01-17 17:00:00,NULL
5593,366,Hoàng Đức Lan,492673892,hoangduclan310@gmail.com,2,2,Không có,1,2024-03-22 17:00:00,NULL
5594,14,Bùi Thị Linh,765500350,buithilinh400@outlook.com,2,3,Không có,1,2024-04-14 17:00:00,NULL
5595,103,Lý Đức Hương,820317756,lyduchuong485@vku.udn.vn,1,1,Không có,1,2024-05-15 17:00:00,NULL
5596,346,Bùi Hữu Dũng,435528741,buihuudung485@gmail.com,2,1,Không có,1,2024-08-15 17:00:00,NULL
5597,112,Đỗ Thu Phong,733229591,dothuphong813@gmail.com,2,0,Không có,1,2024-05-19 17:00:00,NULL
5598,322,Hoàng Minh Dũng,761588882,hoangminhdung805@vku.udn.vn,2,0,Không có,1,2024-11-15 17:00:00,NULL
5599,273,Phan Hải Anh,420117054,phanhaianh952@hotmail.com,1,0,Không có,1,2024-06-01 17:00:00,NULL
5600,394,Đỗ Hữu Mai,613383963,dohuumai522@hotmail.com,3,1,Không có,1,2024-01-31 17:00:00,NULL
5601,266,Đặng Hải Bình,350590821,danghaibinh882@gmail.com,1,1,Không có,1,2024-01-08 17:00:00,NULL
5602,106,Đỗ Thu Linh,363955876,dothulinh768@yahoo.com,1,3,Không có,1,2024-12-13 17:00:00,NULL
5603,275,Dương Thị Phong,871988889,duongthiphong785@yahoo.com,3,0,Không có,1,2024-11-23 17:00:00,NULL
5604,103,Võ Hải Nam,500666162,vohainam53@hotmail.com,2,3,Không có,1,2024-01-24 17:00:00,NULL
5605,65,Bùi Hải Hùng,635507147,buihaihung839@gmail.com,2,0,Không có,1,2024-01-13 17:00:00,NULL
5606,93,Phạm Đức Nga,494093414,phamducnga906@yahoo.com,3,0,Không có,1,2024-05-04 17:00:00,NULL
5607,96,Ngô Hải Hạnh,884288582,ngohaihanh76@outlook.com,2,0,Không có,1,2024-06-13 17:00:00,NULL
5608,93,Võ Thu Trang,360930004,vothutrang409@gmail.com,2,0,Không có,1,2024-04-08 17:00:00,NULL
5609,100,Trần Thanh Nam,969322275,tranthanhnam582@vku.udn.vn,3,3,Không có,1,2024-08-26 17:00:00,NULL
5610,361,Hồ Đức Hùng,924440558,hoduchung378@outlook.com,2,0,Không có,1,2024-02-27 17:00:00,NULL
5611,364,Hồ Thu Phong,498803134,hothuphong197@yahoo.com,3,0,Không có,1,2024-12-10 17:00:00,NULL
5612,64,Trần Thu Nam,757424591,tranthunam462@vku.udn.vn,1,2,Không có,1,2024-01-19 17:00:00,NULL
5613,334,Lý Thu Bình,448578017,lythubinh155@yahoo.com,1,0,Không có,1,2024-06-24 17:00:00,NULL
5614,303,Hoàng Văn Bình,981057736,hoangvanbinh434@hotmail.com,3,2,Không có,1,2024-03-31 17:00:00,NULL
5615,115,Võ Hoàng Nga,649124865,vohoangnga496@vku.udn.vn,3,0,Không có,1,2024-01-15 17:00:00,NULL
5616,304,Phan Hữu Long,581272327,phanhuulong166@outlook.com,3,0,Không có,1,2024-07-04 17:00:00,NULL
5617,12,Phan Hoàng Lan,602338277,phanhoanglan152@gmail.com,2,0,Không có,1,2024-09-21 17:00:00,NULL
5618,22,Lý Hữu Nam,852145031,lyhuunam545@yahoo.com,2,3,Không có,1,2024-12-25 17:00:00,NULL
5619,304,Phan Hữu Long,581272327,phanhuulong166@outlook.com,3,0,Không có,1,2024-12-25 17:00:00,NULL
5620,354,Bùi Thu Phong,819151495,buithuphong477@outlook.com,3,3,Không có,1,2024-01-16 17:00:00,NULL
5621,115,Phan Thu Phong,346800522,phanthuphong259@yahoo.com,1,0,Không có,1,2024-04-23 17:00:00,NULL
5622,347,Võ Minh Phong,696098177,vominhphong172@vku.udn.vn,2,0,Không có,1,2024-05-18 17:00:00,NULL
5623,374,Nguyễn Hoàng Nam,406551233,nguyenhoangnam971@yahoo.com,3,3,Không có,1,2024-08-22 17:00:00,NULL
5624,265,Hoàng Hoàng Linh,926563708,hoanghoanglinh409@hotmail.com,1,0,Không có,1,2024-06-04 17:00:00,NULL
5625,18,Ngô Quốc Bình,502809397,ngoquocbinh259@gmail.com,2,0,Không có,1,2024-08-12 17:00:00,NULL
5626,137,Trần Hữu Bình,969438969,tranhuubinh8@outlook.com,3,2,Không có,1,2024-04-03 17:00:00,NULL
5627,128,Phan Hải Hạnh,780780027,phanhaihanh218@gmail.com,1,0,Không có,1,2024-02-12 17:00:00,NULL
5628,32,Hoàng Thị Phong,309745505,hoangthiphong460@yahoo.com,2,0,Không có,1,2024-06-23 17:00:00,NULL
5629,76,Vũ Thanh Dũng,542818363,vuthanhdung457@yahoo.com,3,1,Không có,1,2024-03-09 17:00:00,NULL
5630,376,Nguyễn Quốc Mai,937599912,nguyenquocmai482@hotmail.com,3,2,Không có,1,2024-07-03 17:00:00,NULL
5631,97,Đỗ Minh Hùng,697571811,dominhhung221@outlook.com,3,2,Không có,1,2024-12-27 17:00:00,NULL
5632,60,Đỗ Thu Lan,592561472,dothulan942@gmail.com,3,0,Không có,1,2024-08-02 17:00:00,NULL
5633,350,Trần Minh Hạnh,944687060,tranminhhanh825@gmail.com,2,0,Không có,1,2024-02-20 17:00:00,NULL
5634,312,Dương Hải Lan,627696198,duonghailan841@yahoo.com,1,0,Không có,1,2024-07-02 17:00:00,NULL
5635,34,Hồ Văn Nga,312519007,hovannga160@gmail.com,2,2,Không có,1,2024-10-18 17:00:00,NULL
5636,275,Dương Thị Phong,871988889,duongthiphong785@yahoo.com,1,2,Không có,1,2024-11-18 17:00:00,NULL
5637,322,Hoàng Minh Dũng,761588882,hoangminhdung805@vku.udn.vn,2,0,Không có,1,2024-12-06 17:00:00,NULL
5638,285,Phạm Thu Mai,450519597,phamthumai433@yahoo.com,3,3,Không có,1,2024-03-26 17:00:00,NULL
5639,382,Bùi Văn Hương,763887247,buivanhuong753@hotmail.com,1,0,Không có,1,2024-04-18 17:00:00,NULL
5640,8,Hồ Minh Mai,515308045,hominhmai245@vku.udn.vn,1,0,Không có,1,2024-05-21 17:00:00,NULL
5641,311,Ngô Thị Linh,341580226,ngothilinh880@outlook.com,2,3,Không có,1,2024-11-19 17:00:00,NULL
5642,357,Lê Hải Dũng,680990401,lehaidung817@hotmail.com,1,3,Không có,1,2024-05-22 17:00:00,NULL
5643,113,Ngô Thu Hạnh,415021638,ngothuhanh183@vku.udn.vn,1,0,Không có,1,2024-03-06 17:00:00,NULL
5644,130,Lê Hữu Cường,623511460,lehuucuong336@hotmail.com,2,3,Không có,1,2024-10-17 17:00:00,NULL
5645,392,Đỗ Hoàng Phong,556943695,dohoangphong727@yahoo.com,2,3,Không có,1,2024-04-09 17:00:00,NULL
5646,324,Hoàng Thu Long,979615069,hoangthulong635@hotmail.com,3,0,Không có,1,2024-08-18 17:00:00,NULL
5647,384,Bùi Văn Phong,488109614,buivanphong482@vku.udn.vn,3,0,Không có,1,2024-05-29 17:00:00,NULL
5648,27,Vũ Văn Nam,750371876,vuvannam333@vku.udn.vn,1,0,Không có,1,2024-02-15 17:00:00,NULL
5649,115,Phan Văn Nam,725525573,phanvannam159@gmail.com,2,0,Không có,1,2024-09-06 17:00:00,NULL
5650,264,Vũ Hải Cường,584412919,vuhaicuong143@yahoo.com,1,1,Không có,1,2024-05-07 17:00:00,NULL
5651,80,Vũ Hữu Lan,697092410,vuhuulan424@outlook.com,2,2,Không có,1,2024-10-11 17:00:00,NULL
5652,30,Trần Hải Linh,931807079,tranhailinh280@yahoo.com,3,1,Không có,1,2024-01-25 17:00:00,NULL
5653,331,Bùi Thu Linh,888273030,buithulinh457@yahoo.com,2,0,Không có,1,2024-05-03 17:00:00,NULL
5654,367,Lê Minh Anh,358546865,leminhanh567@hotmail.com,3,0,Không có,1,2024-08-26 17:00:00,NULL
5655,25,Ngô Thanh Mai,969890022,ngothanhmai260@yahoo.com,3,0,Không có,1,2024-10-05 17:00:00,NULL
5656,78,Nguyễn Hải Dũng,557249831,nguyenhaidung754@vku.udn.vn,2,0,Không có,1,2024-08-01 17:00:00,NULL
5657,272,Lê Thanh Phong,473461957,lethanhphong553@vku.udn.vn,2,1,Không có,1,2024-12-28 17:00:00,NULL
5658,82,Hoàng Đức Hùng,879168954,hoangduchung862@hotmail.com,2,1,Không có,1,2024-04-06 17:00:00,NULL
5659,124,Lê Hải Cường,815518719,lehaicuong923@hotmail.com,2,0,Không có,1,2024-10-19 17:00:00,NULL
5660,95,Bùi Đức Anh,402909368,buiducanh894@gmail.com,2,2,Không có,1,2024-05-30 17:00:00,NULL
5661,299,Lê Hải Hạnh,883275843,lehaihanh721@hotmail.com,3,3,Không có,1,2024-06-26 17:00:00,NULL
5662,32,Phạm Thu Trang,625220726,phamthutrang163@gmail.com,2,1,Không có,1,2024-04-17 17:00:00,NULL
5663,273,Phan Hải Anh,420117054,phanhaianh952@hotmail.com,2,1,Không có,1,2024-09-09 17:00:00,NULL
5664,343,Võ Thanh Lan,707083673,vothanhlan285@outlook.com,3,0,Không có,1,2024-11-23 17:00:00,NULL
5665,302,Phạm Thanh Dũng,981007818,phamthanhdung874@hotmail.com,3,0,Không có,1,2024-04-01 17:00:00,NULL
5666,382,Bùi Văn Hương,763887247,buivanhuong753@hotmail.com,1,1,Không có,1,2024-09-29 17:00:00,NULL
5667,389,Đỗ Thu Mai,743721204,dothumai56@yahoo.com,3,2,Không có,1,2024-06-01 17:00:00,NULL
5668,34,Hồ Hoàng Trang,395897477,hohoangtrang869@outlook.com,2,1,Không có,1,2024-07-21 17:00:00,NULL
5669,286,Phạm Thị Mai,890907304,phamthimai101@gmail.com,2,0,Không có,1,2024-10-07 17:00:00,NULL
5670,349,Đỗ Quốc Linh,512954978,doquoclinh78@vku.udn.vn,3,2,Không có,1,2024-09-23 17:00:00,NULL
5671,265,Hoàng Hoàng Linh,926563708,hoanghoanglinh409@hotmail.com,3,2,Không có,1,2024-04-14 17:00:00,NULL
5672,300,Nguyễn Thu Hùng,411225158,nguyenthuhung962@yahoo.com,1,0,Không có,1,2024-06-11 17:00:00,NULL
5673,124,Dương Hoàng Bình,379129417,duonghoangbinh55@yahoo.com,1,2,Không có,1,2024-05-18 17:00:00,NULL
5674,85,Đỗ Thị Nga,574127252,dothinga410@yahoo.com,2,3,Không có,1,2024-01-18 17:00:00,NULL
5675,344,Võ Văn Nam,879196799,vovannam54@hotmail.com,3,2,Không có,1,2024-07-05 17:00:00,NULL
5676,352,Nguyễn Quốc Hạnh,826350075,nguyenquochanh109@outlook.com,1,0,Không có,1,2024-03-13 17:00:00,NULL
5677,267,Ngô Quốc Trang,368212356,ngoquoctrang395@outlook.com,3,3,Không có,1,2024-02-24 17:00:00,NULL
5678,268,Đặng Minh Nga,312327652,dangminhnga697@gmail.com,3,0,Không có,1,2024-04-03 17:00:00,NULL
5679,29,Lê Đức Hùng,722107177,leduchung721@hotmail.com,3,1,Không có,1,2024-03-06 17:00:00,NULL
5680,384,Bùi Văn Phong,488109614,buivanphong482@vku.udn.vn,1,2,Không có,1,2024-09-17 17:00:00,NULL
5681,383,Nguyễn Thị Dũng,917615339,nguyenthidung602@gmail.com,1,1,Không có,1,2024-02-28 17:00:00,NULL
5682,255,Vũ Thị Lan,669319644,vuthilan619@hotmail.com,3,2,Không có,1,2024-11-16 17:00:00,NULL
5683,290,Lê Đức Hùng,533754555,leduchung992@gmail.com,2,0,Không có,1,2024-11-23 17:00:00,NULL
5684,82,Lê Văn Phong,312260209,levanphong656@vku.udn.vn,2,0,Không có,1,2024-03-13 17:00:00,NULL
5685,281,Đặng Đức Hùng,821209849,dangduchung220@vku.udn.vn,2,1,Không có,1,2024-03-30 17:00:00,NULL
5686,131,Phan Văn Linh,895330382,phanvanlinh627@vku.udn.vn,2,0,Không có,1,2024-04-02 17:00:00,NULL
5687,316,Hồ Thanh Linh,950911797,hothanhlinh524@gmail.com,2,0,Không có,1,2024-10-19 17:00:00,NULL
5688,36,Dương Thanh Hạnh,785508685,duongthanhhanh917@vku.udn.vn,2,1,Không có,1,2024-06-16 17:00:00,NULL
5689,28,Phạm Hải Nga,339562231,phamhainga445@yahoo.com,2,0,Không có,1,2024-03-24 17:00:00,NULL
5690,372,Bùi Hoàng Phong,964021648,buihoangphong232@vku.udn.vn,2,0,Không có,1,2024-04-27 17:00:00,NULL
5691,396,Đặng Hữu Hạnh,374958005,danghuuhanh283@outlook.com,1,3,Không có,1,2024-10-07 17:00:00,NULL
5692,251,Đỗ Thu Bình,934036506,dothubinh433@gmail.com,2,0,Không có,1,2024-11-12 17:00:00,NULL
5693,43,Phan Thị Phong,873526386,phanthiphong591@outlook.com,1,0,Không có,1,2024-01-05 17:00:00,NULL
5694,322,Hoàng Minh Dũng,761588882,hoangminhdung805@vku.udn.vn,2,0,Không có,1,2024-05-13 17:00:00,NULL
5695,396,Đặng Hữu Hạnh,374958005,danghuuhanh283@outlook.com,1,2,Không có,1,2024-10-05 17:00:00,NULL
5696,349,Đỗ Quốc Linh,512954978,doquoclinh78@vku.udn.vn,1,0,Không có,1,2024-12-18 17:00:00,NULL
5697,117,Lê Hữu Nga,486724878,lehuunga367@yahoo.com,1,0,Không có,1,2024-09-01 17:00:00,NULL
5698,122,Lý Hải Nga,825510449,lyhainga143@outlook.com,1,0,Không có,1,2024-03-28 17:00:00,NULL
5699,279,Nguyễn Hoàng Nga,547083812,nguyenhoangnga603@yahoo.com,3,3,Không có,1,2024-08-04 17:00:00,NULL
5700,262,Dương Văn Dũng,334467368,duongvandung825@hotmail.com,2,1,Không có,1,2024-02-15 17:00:00,NULL
5701,138,Bùi Hoàng Hùng,900635326,buihoanghung6@gmail.com,2,0,Không có,1,2024-07-20 17:00:00,NULL
5702,298,Lê Thanh Hương,373864104,lethanhhuong901@yahoo.com,2,0,Không có,1,2024-04-29 17:00:00,NULL
5703,289,Hoàng Hải Hùng,754200826,hoanghaihung714@vku.udn.vn,3,3,Không có,1,2024-04-25 17:00:00,NULL
5704,51,Lý Văn Hùng,590786475,lyvanhung904@hotmail.com,3,0,Không có,1,2024-12-04 17:00:00,NULL
5705,3,Dương Hoàng Phong,741105239,duonghoangphong723@hotmail.com,1,0,Không có,1,2024-03-03 17:00:00,NULL
5706,309,Lý Đức Hạnh,474484941,lyduchanh820@yahoo.com,1,0,Không có,1,2024-08-30 17:00:00,NULL
5707,6,Vũ Quốc Hạnh,739839434,vuquochanh148@gmail.com,2,1,Không có,1,2024-01-09 17:00:00,NULL
5708,47,Võ Hải Dũng,413650240,vohaidung73@gmail.com,1,3,Không có,1,2024-05-18 17:00:00,NULL
5709,117,Bùi Thanh Hương,436806020,buithanhhuong66@yahoo.com,1,3,Không có,1,2024-03-29 17:00:00,NULL
5710,329,Võ Văn Nga,567574609,vovannga940@gmail.com,1,0,Không có,1,2024-02-29 17:00:00,NULL
5711,279,Nguyễn Hoàng Nga,547083812,nguyenhoangnga603@yahoo.com,2,2,Không có,1,2024-04-22 17:00:00,NULL
5712,42,Hoàng Văn Hùng,635231411,hoangvanhung521@yahoo.com,2,3,Không có,1,2024-08-10 17:00:00,NULL
5713,37,Đặng Thị Hương,518246488,dangthihuong575@hotmail.com,3,3,Không có,1,2024-05-24 17:00:00,NULL
5714,328,Lý Thị Phong,756497252,lythiphong225@yahoo.com,2,0,Không có,1,2024-06-26 17:00:00,NULL
5715,105,Phan Thị Mai,771403335,phanthimai723@gmail.com,2,1,Không có,1,2024-03-15 17:00:00,NULL
5716,122,Lê Thu Mai,605596757,lethumai673@yahoo.com,3,0,Không có,1,2024-02-25 17:00:00,NULL
5717,312,Dương Hải Lan,627696198,duonghailan841@yahoo.com,3,0,Không có,1,2024-03-19 17:00:00,NULL
5718,135,Ngô Đức Bình,769198433,ngoducbinh785@gmail.com,1,0,Không có,1,2024-08-03 17:00:00,NULL
5719,7,Phan Thanh Phong,860604353,phanthanhphong831@yahoo.com,1,0,Không có,1,2024-06-27 17:00:00,NULL
5720,98,Phạm Thu Lan,601731449,phamthulan647@gmail.com,2,2,Không có,1,2024-06-17 17:00:00,NULL
5721,298,Lê Thanh Hương,373864104,lethanhhuong901@yahoo.com,1,2,Không có,1,2024-03-15 17:00:00,NULL
5722,301,Lý Thị Nam,894019365,lythinam160@hotmail.com,1,1,Không có,1,2024-07-06 17:00:00,NULL
5723,67,Trần Hải Hạnh,427524008,tranhaihanh871@gmail.com,2,0,Không có,1,2024-05-16 17:00:00,NULL
5724,286,Phạm Thị Mai,890907304,phamthimai101@gmail.com,2,2,Không có,1,2024-05-15 17:00:00,NULL
5725,93,Trần Hải Anh,441993394,tranhaianh167@outlook.com,2,0,Không có,1,2024-09-23 17:00:00,NULL
5726,381,Hồ Quốc Hùng,837377910,hoquochung553@outlook.com,1,2,Không có,1,2024-12-07 17:00:00,NULL
5727,369,Võ Thanh Cường,355165334,vothanhcuong259@outlook.com,3,1,Không có,1,2024-11-30 17:00:00,NULL
5728,133,Phan Đức Nga,609362088,phanducnga977@vku.udn.vn,2,2,Không có,1,2024-11-06 17:00:00,NULL
5729,277,Lý Thu Phong,515984311,lythuphong731@hotmail.com,1,0,Không có,1,2024-02-01 17:00:00,NULL
5730,361,Hồ Đức Hùng,924440558,hoduchung378@outlook.com,2,1,Không có,1,2024-09-23 17:00:00,NULL
5731,282,Bùi Hải Dũng,807850824,buihaidung827@outlook.com,2,0,Không có,1,2024-01-22 17:00:00,NULL
5732,81,Ngô Đức Nga,538524626,ngoducnga16@hotmail.com,2,1,Không có,1,2024-10-11 17:00:00,NULL
5733,8,Bùi Thu Dũng,988819801,buithudung778@outlook.com,2,0,Không có,1,2024-11-22 17:00:00,NULL
5734,316,Hồ Thanh Linh,950911797,hothanhlinh524@gmail.com,2,1,Không có,1,2024-11-16 17:00:00,NULL
5735,389,Đỗ Thu Mai,743721204,dothumai56@yahoo.com,1,0,Không có,1,2024-08-03 17:00:00,NULL
5736,366,Hoàng Đức Lan,492673892,hoangduclan310@gmail.com,1,0,Không có,1,2024-06-04 17:00:00,NULL
5737,286,Phạm Thị Mai,890907304,phamthimai101@gmail.com,2,2,Không có,1,2024-05-09 17:00:00,NULL
5738,291,Nguyễn Thanh Anh,353839920,nguyenthanhanh599@outlook.com,2,2,Không có,1,2024-01-03 17:00:00,NULL
5739,103,Võ Đức Hạnh,402118014,voduchanh399@yahoo.com,3,0,Không có,1,2024-09-20 17:00:00,NULL
5740,364,Hồ Thu Phong,498803134,hothuphong197@yahoo.com,2,1,Không có,1,2024-06-18 17:00:00,NULL
5741,56,Phạm Thị Lan,912799134,phamthilan895@gmail.com,2,0,Không có,1,2024-05-28 17:00:00,NULL
5742,349,Đỗ Quốc Linh,512954978,doquoclinh78@vku.udn.vn,1,2,Không có,1,2024-03-19 17:00:00,NULL
5743,309,Lý Đức Hạnh,474484941,lyduchanh820@yahoo.com,1,2,Không có,1,2024-04-27 17:00:00,NULL
5744,134,Ngô Minh Phong,404705570,ngominhphong108@vku.udn.vn,1,3,Không có,1,2024-07-30 17:00:00,NULL
5745,29,Phạm Minh Cường,320394207,phamminhcuong656@gmail.com,2,0,Không có,1,2024-07-31 17:00:00,NULL
5746,119,Đỗ Minh Hùng,622649174,dominhhung787@gmail.com,1,2,Không có,1,2024-01-10 17:00:00,NULL
5747,142,Phan Hữu Linh,692042746,phanhuulinh293@outlook.com,1,1,Không có,1,2024-12-07 17:00:00,NULL
5748,353,Hồ Hữu Linh,489125618,hohuulinh752@vku.udn.vn,2,0,Không có,1,2024-10-09 17:00:00,NULL
5749,13,Nguyễn Văn Nam,809809222,nguyenvannam558@gmail.com,2,0,Không có,1,2024-07-16 17:00:00,NULL
5750,310,Lê Thanh Phong,742073642,lethanhphong822@yahoo.com,2,3,Không có,1,2024-09-17 17:00:00,NULL
5751,44,Ngô Quốc Lan,626404122,ngoquoclan816@yahoo.com,3,2,Không có,1,2024-08-25 17:00:00,NULL
5752,284,Nguyễn Quốc Nam,664323393,nguyenquocnam820@gmail.com,2,2,Không có,1,2024-01-21 17:00:00,NULL
5753,46,Bùi Hoàng Lan,376172264,buihoanglan837@vku.udn.vn,3,2,Không có,1,2024-05-25 17:00:00,NULL
5754,53,Trần Thu Dũng,592589217,tranthudung689@vku.udn.vn,1,2,Không có,1,2024-09-09 17:00:00,NULL
5755,48,Đỗ Hoàng Nga,307591670,dohoangnga587@vku.udn.vn,3,0,Không có,1,2024-06-04 17:00:00,NULL
5756,302,Phạm Thanh Dũng,981007818,phamthanhdung874@hotmail.com,1,0,Không có,1,2024-05-17 17:00:00,NULL
5757,115,Đặng Hải Hùng,865408560,danghaihung666@hotmail.com,2,0,Không có,1,2024-09-09 17:00:00,NULL
5758,340,Hồ Hữu Hạnh,801856351,hohuuhanh942@yahoo.com,1,0,Không có,1,2024-01-09 17:00:00,NULL
5759,352,Nguyễn Quốc Hạnh,826350075,nguyenquochanh109@outlook.com,2,1,Không có,1,2024-07-20 17:00:00,NULL
5760,339,Phạm Minh Linh,821454127,phamminhlinh30@outlook.com,2,0,Không có,1,2024-05-26 17:00:00,NULL
5761,125,Đỗ Đức Hùng,333806012,doduchung672@outlook.com,1,0,Không có,1,2024-07-08 17:00:00,NULL
5762,393,Nguyễn Thu Linh,400082623,nguyenthulinh231@gmail.com,3,2,Không có,1,2024-05-24 17:00:00,NULL
5763,352,Nguyễn Quốc Hạnh,826350075,nguyenquochanh109@outlook.com,1,2,Không có,1,2024-03-29 17:00:00,NULL
5764,45,Phan Hoàng Nam,313132572,phanhoangnam294@outlook.com,1,2,Không có,1,2024-11-23 17:00:00,NULL
5765,66,Hoàng Quốc Nga,782362102,hoangquocnga771@hotmail.com,2,2,Không có,1,2024-06-17 17:00:00,NULL
5766,381,Hồ Quốc Hùng,837377910,hoquochung553@outlook.com,1,1,Không có,1,2024-04-13 17:00:00,NULL
5767,77,Vũ Thu Long,922633785,vuthulong387@yahoo.com,3,2,Không có,1,2024-06-21 17:00:00,NULL
5768,125,Võ Thị Lan,717828228,vothilan947@gmail.com,1,0,Không có,1,2024-12-22 17:00:00,NULL
5769,365,Hồ Hoàng Phong,863324548,hohoangphong612@hotmail.com,1,0,Không có,1,2024-04-10 17:00:00,NULL
5770,48,Phạm Thanh Mai,573998463,phamthanhmai327@outlook.com,2,0,Không có,1,2024-07-26 17:00:00,NULL
5771,335,Hồ Đức Bình,745461013,hoducbinh418@hotmail.com,2,0,Không có,1,2024-08-18 17:00:00,NULL
5772,371,Ngô Hoàng Hùng,391462297,ngohoanghung255@gmail.com,1,0,Không có,1,2024-11-10 17:00:00,NULL
5773,367,Lê Minh Anh,358546865,leminhanh567@hotmail.com,2,0,Không có,1,2024-11-04 17:00:00,NULL
5774,389,Đỗ Thu Mai,743721204,dothumai56@yahoo.com,3,3,Không có,1,2024-02-01 17:00:00,NULL
5775,256,Đặng Thị Hương,706448196,dangthihuong81@vku.udn.vn,3,1,Không có,1,2024-06-28 17:00:00,NULL
5776,327,Phạm Quốc Mai,729123992,phamquocmai250@yahoo.com,1,0,Không có,1,2024-07-15 17:00:00,NULL
5777,129,Đỗ Thanh Cường,617990502,dothanhcuong837@yahoo.com,1,0,Không có,1,2024-12-02 17:00:00,NULL
5778,367,Lê Minh Anh,358546865,leminhanh567@hotmail.com,2,0,Không có,1,2024-07-20 17:00:00,NULL
5779,103,Hoàng Thu Anh,414212194,hoangthuanh953@hotmail.com,1,0,Không có,1,2024-05-20 17:00:00,NULL
5780,141,Lý Thanh Dũng,822585672,lythanhdung757@gmail.com,3,0,Không có,1,2024-09-13 17:00:00,NULL
5781,77,Bùi Quốc Nga,502783329,buiquocnga267@gmail.com,3,2,Không có,1,2024-02-19 17:00:00,NULL
5782,372,Bùi Hoàng Phong,964021648,buihoangphong232@vku.udn.vn,3,0,Không có,1,2024-07-15 17:00:00,NULL
5783,102,Phạm Thị Lan,588515791,phamthilan647@vku.udn.vn,1,1,Không có,1,2024-12-06 17:00:00,NULL
5784,287,Dương Văn Bình,553810544,duongvanbinh171@outlook.com,3,1,Không có,1,2024-04-17 17:00:00,NULL
5785,316,Hồ Thanh Linh,950911797,hothanhlinh524@gmail.com,1,3,Không có,1,2024-07-05 17:00:00,NULL
5786,297,Bùi Hoàng Bình,378663096,buihoangbinh551@yahoo.com,1,1,Không có,1,2024-11-05 17:00:00,NULL
5787,298,Lê Thanh Hương,373864104,lethanhhuong901@yahoo.com,3,1,Không có,1,2024-05-13 17:00:00,NULL
5788,349,Đỗ Quốc Linh,512954978,doquoclinh78@vku.udn.vn,2,0,Không có,1,2024-03-12 17:00:00,NULL
5789,367,Lê Minh Anh,358546865,leminhanh567@hotmail.com,1,2,Không có,1,2024-04-08 17:00:00,NULL
5790,348,Ngô Hữu Hùng,416070149,ngohuuhung593@gmail.com,1,0,Không có,1,2024-05-08 17:00:00,NULL
5791,386,Phan Quốc Lan,644733679,phanquoclan687@gmail.com,3,0,Không có,1,2024-05-21 17:00:00,NULL
5792,392,Đỗ Hoàng Phong,556943695,dohoangphong727@yahoo.com,1,0,Không có,1,2024-03-12 17:00:00,NULL
5793,114,Võ Quốc Trang,736727773,voquoctrang544@yahoo.com,2,3,Không có,1,2024-12-07 17:00:00,NULL
5794,64,Trần Hữu Phong,817446152,tranhuuphong518@yahoo.com,1,0,Không có,1,2024-12-06 17:00:00,NULL
5795,290,Lê Đức Hùng,533754555,leduchung992@gmail.com,3,0,Không có,1,2024-09-20 17:00:00,NULL
5796,10,Ngô Hữu Anh,436634881,ngohuuanh542@vku.udn.vn,1,0,Không có,1,2024-05-09 17:00:00,NULL
5797,305,Đặng Văn Bình,380792472,dangvanbinh968@yahoo.com,3,0,Không có,1,2024-05-27 17:00:00,NULL
5798,322,Hoàng Minh Dũng,761588882,hoangminhdung805@vku.udn.vn,1,1,Không có,1,2024-04-29 17:00:00,NULL
5799,147,Bùi Hải Long,746740105,buihailong43@vku.udn.vn,3,0,Không có,1,2024-10-15 17:00:00,NULL
5800,362,Phan Quốc Nam,890975123,phanquocnam339@hotmail.com,3,3,Không có,1,2024-06-17 17:00:00,NULL
5801,388,Trần Thanh Hùng,647112584,tranthanhhung119@outlook.com,2,0,Không có,1,2024-10-26 17:00:00,NULL
5802,117,Đặng Thu Dũng,519113300,dangthudung475@outlook.com,2,1,Không có,1,2024-11-06 17:00:00,NULL
5803,357,Lê Hải Dũng,680990401,lehaidung817@hotmail.com,3,0,Không có,1,2024-06-20 17:00:00,NULL
5804,377,Hoàng Minh Nam,787512424,hoangminhnam73@yahoo.com,2,0,Không có,1,2024-10-04 17:00:00,NULL
5805,301,Lý Thị Nam,894019365,lythinam160@hotmail.com,2,0,Không có,1,2024-10-02 17:00:00,NULL
5806,78,Trần Minh Bình,664712756,tranminhbinh150@yahoo.com,3,0,Không có,1,2024-12-21 17:00:00,NULL
5807,61,Hoàng Thị Phong,717495172,hoangthiphong543@hotmail.com,2,3,Không có,1,2024-09-05 17:00:00,NULL
5808,57,Hoàng Đức Nga,777917398,hoangducnga55@outlook.com,2,0,Không có,1,2024-08-02 17:00:00,NULL
5809,260,Hồ Thị Trang,981802744,hothitrang176@vku.udn.vn,1,1,Không có,1,2024-11-11 17:00:00,NULL
5810,91,Đỗ Minh Trang,916549502,dominhtrang570@outlook.com,2,0,Không có,1,2024-11-03 17:00:00,NULL
5811,263,Trần Đức Hương,909004943,tranduchuong898@hotmail.com,1,0,Không có,1,2024-03-08 17:00:00,NULL
5812,289,Hoàng Hải Hùng,754200826,hoanghaihung714@vku.udn.vn,3,1,Không có,1,2024-06-27 17:00:00,NULL
5813,72,Nguyễn Hải Linh,765269480,nguyenhailinh789@gmail.com,3,2,Không có,1,2024-05-21 17:00:00,NULL
5814,67,Võ Minh Anh,365557055,vominhanh118@vku.udn.vn,2,1,Không có,1,2024-07-10 17:00:00,NULL
5815,132,Trần Đức Long,400672903,tranduclong220@hotmail.com,1,1,Không có,1,2024-08-22 17:00:00,NULL
5816,282,Bùi Hải Dũng,807850824,buihaidung827@outlook.com,1,0,Không có,1,2024-10-07 17:00:00,NULL
5817,140,Lý Hoàng Nga,864035997,lyhoangnga599@yahoo.com,1,1,Không có,1,2024-01-19 17:00:00,NULL
5818,341,Nguyễn Quốc Trang,906011277,nguyenquoctrang679@gmail.com,3,0,Không có,1,2024-06-26 17:00:00,NULL
5819,271,Lý Thị Hạnh,971410971,lythihanh306@vku.udn.vn,2,0,Không có,1,2024-09-04 17:00:00,NULL
5820,375,Hoàng Thị Cường,557553274,hoangthicuong178@vku.udn.vn,3,0,Không có,1,2024-02-04 17:00:00,NULL
5821,256,Đặng Thị Hương,706448196,dangthihuong81@vku.udn.vn,3,0,Không có,1,2024-01-11 17:00:00,NULL
5822,363,Hoàng Minh Hùng,547538338,hoangminhhung124@yahoo.com,2,1,Không có,1,2024-10-26 17:00:00,NULL
5823,114,Đặng Hoàng Hùng,509080961,danghoanghung439@vku.udn.vn,1,0,Không có,1,2024-07-08 17:00:00,NULL
5824,319,Hồ Minh Nga,632091877,hominhnga683@outlook.com,2,2,Không có,1,2024-12-20 17:00:00,NULL
5825,289,Hoàng Hải Hùng,754200826,hoanghaihung714@vku.udn.vn,1,0,Không có,1,2024-03-23 17:00:00,NULL
5826,110,Lý Hải Hạnh,541456179,lyhaihanh888@gmail.com,1,0,Không có,1,2024-02-06 17:00:00,NULL
5827,356,Bùi Hoàng Long,706936666,buihoanglong345@gmail.com,2,3,Không có,1,2024-01-10 17:00:00,NULL
5828,355,Phan Đức Hạnh,393053577,phanduchanh286@outlook.com,1,0,Không có,1,2024-09-26 17:00:00,NULL
5829,8,Nguyễn Thanh Hương,483984731,nguyenthanhhuong483@hotmail.com,2,1,Không có,1,2024-02-07 17:00:00,NULL
5830,309,Lý Đức Hạnh,474484941,lyduchanh820@yahoo.com,1,2,Không có,1,2024-11-30 17:00:00,NULL
5831,279,Nguyễn Hoàng Nga,547083812,nguyenhoangnga603@yahoo.com,3,2,Không có,1,2024-10-03 17:00:00,NULL
5832,312,Dương Hải Lan,627696198,duonghailan841@yahoo.com,2,2,Không có,1,2024-03-29 17:00:00,NULL
5833,396,Đặng Hữu Hạnh,374958005,danghuuhanh283@outlook.com,2,0,Không có,1,2024-11-07 17:00:00,NULL
5834,126,Phạm Thị Lan,433036516,phamthilan876@vku.udn.vn,2,1,Không có,1,2024-08-07 17:00:00,NULL
5835,103,Nguyễn Thanh Long,656755431,nguyenthanhlong28@yahoo.com,1,2,Không có,1,2024-06-30 17:00:00,NULL
5836,107,Lê Hữu Nga,455852575,lehuunga773@yahoo.com,3,3,Không có,1,2024-05-27 17:00:00,NULL
5837,10,Lê Đức Trang,456456616,leductrang409@gmail.com,2,0,Không có,1,2024-07-15 17:00:00,NULL
5838,313,Đỗ Đức Linh,652468587,doduclinh286@gmail.com,3,0,Không có,1,2024-05-09 17:00:00,NULL
5839,252,Phạm Đức Nga,946412689,phamducnga28@vku.udn.vn,1,2,Không có,1,2024-08-17 17:00:00,NULL
5840,290,Lê Đức Hùng,533754555,leduchung992@gmail.com,1,0,Không có,1,2024-06-21 17:00:00,NULL
5841,366,Hoàng Đức Lan,492673892,hoangduclan310@gmail.com,1,0,Không có,1,2024-10-20 17:00:00,NULL
5842,18,Võ Minh Nga,732821284,vominhnga782@yahoo.com,1,0,Không có,1,2024-06-04 17:00:00,NULL
5843,361,Hồ Đức Hùng,924440558,hoduchung378@outlook.com,1,3,Không có,1,2024-03-12 17:00:00,NULL
5844,147,Nguyễn Hữu Hương,884160027,nguyenhuuhuong157@hotmail.com,3,0,Không có,1,2024-02-21 17:00:00,NULL
5845,90,Võ Đức Hùng,505974139,voduchung580@hotmail.com,3,3,Không có,1,2024-08-09 17:00:00,NULL
5846,305,Đặng Văn Bình,380792472,dangvanbinh968@yahoo.com,1,0,Không có,1,2024-02-09 17:00:00,NULL
5847,21,Đặng Minh Linh,307557816,dangminhlinh853@hotmail.com,1,0,Không có,1,2024-05-18 17:00:00,NULL
5848,120,Đặng Đức Hùng,524354137,dangduchung560@outlook.com,3,0,Không có,1,2024-07-25 17:00:00,NULL
5849,140,Phan Hữu Phong,783704100,phanhuuphong608@hotmail.com,1,3,Không có,1,2024-05-18 17:00:00,NULL
5850,104,Ngô Minh Cường,557219311,ngominhcuong897@yahoo.com,3,0,Không có,1,2024-04-03 17:00:00,NULL
5851,47,Dương Hoàng Hương,947351934,duonghoanghuong489@gmail.com,3,3,Không có,1,2024-05-20 17:00:00,NULL
5852,87,Hoàng Hữu Nam,304104047,hoanghuunam488@yahoo.com,2,2,Không có,1,2024-11-01 17:00:00,NULL
5853,94,Võ Hoàng Nga,732122990,vohoangnga829@outlook.com,1,0,Không có,1,2024-08-21 17:00:00,NULL
5854,359,Trần Đức Nam,736398872,tranducnam501@vku.udn.vn,1,0,Không có,1,2024-04-11 17:00:00,NULL
5855,74,Đỗ Thu Bình,419656709,dothubinh420@vku.udn.vn,2,0,Không có,1,2024-06-29 17:00:00,NULL
5856,102,Võ Văn Cường,924502177,vovancuong439@vku.udn.vn,3,3,Không có,1,2024-06-17 17:00:00,NULL
5857,36,Hồ Thị Nam,700677863,hothinam308@gmail.com,3,0,Không có,1,2024-10-29 17:00:00,NULL
5858,336,Vũ Văn Dũng,751125671,vuvandung399@vku.udn.vn,3,3,Không có,1,2024-09-13 17:00:00,NULL
5859,298,Lê Thanh Hương,373864104,lethanhhuong901@yahoo.com,3,0,Không có,1,2024-11-01 17:00:00,NULL
5860,17,Lý Thanh Nam,686616221,lythanhnam13@vku.udn.vn,3,0,Không có,1,2024-12-30 17:00:00,NULL
5861,295,Phan Minh Dũng,637352358,phanminhdung245@hotmail.com,2,0,Không có,1,2024-10-16 17:00:00,NULL
5862,259,Võ Thanh Cường,697478786,vothanhcuong364@yahoo.com,3,0,Không có,1,2024-01-24 17:00:00,NULL
5863,80,Đặng Quốc Phong,628414540,dangquocphong612@gmail.com,2,0,Không có,1,2024-07-25 17:00:00,NULL
5864,148,Lý Quốc Mai,319774109,lyquocmai745@outlook.com,2,2,Không có,1,2024-09-17 17:00:00,NULL
5865,321,Đỗ Hữu Trang,911072118,dohuutrang309@outlook.com,1,3,Không có,1,2024-01-09 17:00:00,NULL
5866,326,Võ Hoàng Hạnh,378198716,vohoanghanh467@outlook.com,2,1,Không có,1,2024-02-15 17:00:00,NULL
5867,308,Đỗ Thị Lan,901170349,dothilan906@outlook.com,2,0,Không có,1,2024-02-12 17:00:00,NULL
5868,315,Lê Hoàng Hùng,341078352,lehoanghung112@vku.udn.vn,1,1,Không có,1,2024-08-26 17:00:00,NULL
5869,56,Bùi Minh Linh,896648190,buiminhlinh492@yahoo.com,3,3,Không có,1,2024-08-26 17:00:00,NULL
5870,30,Hoàng Quốc Cường,693675816,hoangquoccuong964@vku.udn.vn,3,3,Không có,1,2024-05-22 17:00:00,NULL
5871,300,Nguyễn Thu Hùng,411225158,nguyenthuhung962@yahoo.com,1,0,Không có,1,2024-04-23 17:00:00,NULL
5872,330,Ngô Hải Long,870298515,ngohailong573@vku.udn.vn,3,2,Không có,1,2024-11-06 17:00:00,NULL
5873,379,Lý Minh Hạnh,452725050,lyminhhanh74@gmail.com,3,0,Không có,1,2024-07-24 17:00:00,NULL
5874,98,Nguyễn Đức Lan,532720581,nguyenduclan100@vku.udn.vn,2,0,Không có,1,2024-12-30 17:00:00,NULL
5875,323,Võ Hải Mai,529460134,vohaimai524@outlook.com,3,0,Không có,1,2024-09-24 17:00:00,NULL
5876,33,Lê Minh Trang,882951641,leminhtrang291@gmail.com,1,1,Không có,1,2024-01-29 17:00:00,NULL
5877,138,Võ Văn Hương,954425019,vovanhuong172@outlook.com,3,3,Không có,1,2024-07-18 17:00:00,NULL
5878,56,Phạm Minh Hương,970508675,phamminhhuong389@gmail.com,3,0,Không có,1,2024-12-13 17:00:00,NULL
5879,65,Nguyễn Minh Mai,377906259,nguyenminhmai169@gmail.com,2,0,Không có,1,2024-12-18 17:00:00,NULL
5880,37,Đỗ Thu Linh,945534012,dothulinh260@vku.udn.vn,2,0,Không có,1,2024-01-12 17:00:00,NULL
5881,132,Vũ Hải Nga,331510607,vuhainga1@gmail.com,1,0,Không có,1,2024-11-17 17:00:00,NULL
5882,47,Đỗ Thanh Hùng,640309332,dothanhhung785@gmail.com,2,0,Không có,1,2024-10-25 17:00:00,NULL
5883,294,Bùi Văn Trang,388029013,buivantrang430@vku.udn.vn,1,0,Không có,1,2024-05-29 17:00:00,NULL
5884,357,Lê Hải Dũng,680990401,lehaidung817@hotmail.com,1,3,Không có,1,2024-10-06 17:00:00,NULL
5885,368,Đỗ Hải Bình,313169872,dohaibinh588@hotmail.com,1,0,Không có,1,2024-06-12 17:00:00,NULL
5886,99,Võ Quốc Dũng,797518303,voquocdung589@gmail.com,1,0,Không có,1,2024-12-07 17:00:00,NULL
5887,94,Dương Minh Nga,765743457,duongminhnga104@hotmail.com,2,0,Không có,1,2024-02-10 17:00:00,NULL
5888,58,Lý Hoàng Lan,583988159,lyhoanglan342@gmail.com,2,0,Không có,1,2024-02-13 17:00:00,NULL
5889,386,Phan Quốc Lan,644733679,phanquoclan687@gmail.com,2,0,Không có,1,2024-03-08 17:00:00,NULL
5890,260,Hồ Thị Trang,981802744,hothitrang176@vku.udn.vn,1,0,Không có,1,2024-07-23 17:00:00,NULL
5891,397,Hoàng Văn Hùng,620571903,hoangvanhung858@vku.udn.vn,2,0,Không có,1,2024-03-03 17:00:00,NULL
5892,134,Bùi Thị Nga,718242566,buithinga343@gmail.com,3,1,Không có,1,2024-11-24 17:00:00,NULL
5893,82,Lê Minh Hương,420194152,leminhhuong573@yahoo.com,3,0,Không có,1,2024-11-19 17:00:00,NULL
5894,89,Lê Thu Hương,511182399,lethuhuong333@gmail.com,1,2,Không có,1,2024-09-21 17:00:00,NULL
5895,385,Lý Minh Cường,928492896,lyminhcuong447@outlook.com,3,3,Không có,1,2024-12-14 17:00:00,NULL
5896,398,Dương Hữu Mai,878296492,duonghuumai496@hotmail.com,2,1,Không có,1,2024-10-21 17:00:00,NULL
5897,341,Nguyễn Quốc Trang,906011277,nguyenquoctrang679@gmail.com,3,3,Không có,1,2024-05-15 17:00:00,NULL
5898,342,Lê Hải Cường,353992714,lehaicuong267@outlook.com,3,0,Không có,1,2024-09-22 17:00:00,NULL
5899,356,Bùi Hoàng Long,706936666,buihoanglong345@gmail.com,3,2,Không có,1,2024-05-01 17:00:00,NULL
5900,12,Hồ Hữu Hương,355805896,hohuuhuong579@vku.udn.vn,3,1,Không có,1,2024-05-18 17:00:00,NULL
5901,365,Hồ Hoàng Phong,863324548,hohoangphong612@hotmail.com,3,2,Không có,1,2024-06-26 17:00:00,NULL
5902,117,Hồ Thu Phong,597469423,hothuphong987@yahoo.com,1,3,Không có,1,2024-07-20 17:00:00,NULL
5903,328,Lý Thị Phong,756497252,lythiphong225@yahoo.com,2,0,Không có,1,2024-09-30 17:00:00,NULL
5904,350,Trần Minh Hạnh,944687060,tranminhhanh825@gmail.com,2,0,Không có,1,2024-08-28 17:00:00,NULL
5905,332,Hoàng Đức Hạnh,984683755,hoangduchanh284@vku.udn.vn,2,0,Không có,1,2024-01-23 17:00:00,NULL
5906,263,Trần Đức Hương,909004943,tranduchuong898@hotmail.com,3,0,Không có,1,2024-02-12 17:00:00,NULL
5907,315,Lê Hoàng Hùng,341078352,lehoanghung112@vku.udn.vn,2,0,Không có,1,2024-09-01 17:00:00,NULL
5908,70,Vũ Thu Anh,517120377,vuthuanh161@gmail.com,2,1,Không có,1,2024-11-08 17:00:00,NULL
5909,92,Đặng Thu Nga,365822086,dangthunga807@outlook.com,1,0,Không có,1,2024-03-23 17:00:00,NULL
5910,251,Đỗ Thu Bình,934036506,dothubinh433@gmail.com,3,2,Không có,1,2024-04-22 17:00:00,NULL
5911,312,Dương Hải Lan,627696198,duonghailan841@yahoo.com,1,3,Không có,1,2024-01-05 17:00:00,NULL
5912,143,Đỗ Hải Hùng,587443524,dohaihung171@vku.udn.vn,1,2,Không có,1,2024-04-28 17:00:00,NULL
5913,47,Bùi Thị Nga,653474900,buithinga85@outlook.com,2,1,Không có,1,2024-08-06 17:00:00,NULL
5914,276,Đặng Hữu Hùng,866585408,danghuuhung894@vku.udn.vn,1,1,Không có,1,2024-11-23 17:00:00,NULL
5915,282,Bùi Hải Dũng,807850824,buihaidung827@outlook.com,3,0,Không có,1,2024-11-19 17:00:00,NULL
5916,304,Phan Hữu Long,581272327,phanhuulong166@outlook.com,3,3,Không có,1,2024-06-11 17:00:00,NULL
5917,112,Hồ Đức Mai,910800101,hoducmai97@gmail.com,1,2,Không có,1,2024-03-11 17:00:00,NULL
5918,324,Hoàng Thu Long,979615069,hoangthulong635@hotmail.com,2,3,Không có,1,2024-02-02 17:00:00,NULL
5919,273,Phan Hải Anh,420117054,phanhaianh952@hotmail.com,2,0,Không có,1,2024-10-09 17:00:00,NULL
5920,262,Dương Văn Dũng,334467368,duongvandung825@hotmail.com,3,2,Không có,1,2024-11-06 17:00:00,NULL
5921,80,Lý Đức Bình,564694868,lyducbinh537@vku.udn.vn,1,1,Không có,1,2024-03-26 17:00:00,NULL
5922,325,Đỗ Minh Dũng,513814138,dominhdung151@gmail.com,3,1,Không có,1,2024-02-14 17:00:00,NULL
5923,290,Lê Đức Hùng,533754555,leduchung992@gmail.com,1,0,Không có,1,2024-11-10 17:00:00,NULL
5924,138,Bùi Đức Trang,468361543,buiductrang190@hotmail.com,3,3,Không có,1,2024-01-08 17:00:00,NULL
5925,37,Đặng Hải Mai,832777479,danghaimai500@vku.udn.vn,1,0,Không có,1,2024-03-21 17:00:00,NULL
5926,264,Vũ Hải Cường,584412919,vuhaicuong143@yahoo.com,3,0,Không có,1,2024-05-11 17:00:00,NULL
5927,328,Lý Thị Phong,756497252,lythiphong225@yahoo.com,3,2,Không có,1,2024-01-01 17:00:00,NULL
5928,106,Ngô Hải Linh,986503268,ngohailinh570@gmail.com,2,1,Không có,1,2024-05-28 17:00:00,NULL
5929,97,Nguyễn Đức Long,533578017,nguyenduclong148@outlook.com,1,0,Không có,1,2024-10-14 17:00:00,NULL
5930,46,Phạm Thị Trang,491494273,phamthitrang108@yahoo.com,2,1,Không có,1,2024-03-22 17:00:00,NULL
5931,376,Nguyễn Quốc Mai,937599912,nguyenquocmai482@hotmail.com,3,1,Không có,1,2024-03-10 17:00:00,NULL
5932,111,Bùi Thanh Trang,448466519,buithanhtrang682@hotmail.com,1,0,Không có,1,2024-10-10 17:00:00,NULL
5933,296,Đỗ Minh Mai,639492674,dominhmai952@gmail.com,3,0,Không có,1,2024-05-29 17:00:00,NULL
5934,376,Nguyễn Quốc Mai,937599912,nguyenquocmai482@hotmail.com,2,1,Không có,1,2024-12-08 17:00:00,NULL
5935,305,Đặng Văn Bình,380792472,dangvanbinh968@yahoo.com,2,0,Không có,1,2024-03-29 17:00:00,NULL
5936,380,Bùi Hoàng Hương,609893263,buihoanghuong450@gmail.com,3,0,Không có,1,2024-12-27 17:00:00,NULL
5937,345,Ngô Văn Phong,333318206,ngovanphong973@yahoo.com,3,3,Không có,1,2024-04-25 17:00:00,NULL
5938,107,Bùi Đức Hương,842351524,buiduchuong175@gmail.com,1,2,Không có,1,2024-01-26 17:00:00,NULL
5939,140,Đặng Thị Cường,387342450,dangthicuong529@gmail.com,2,0,Không có,1,2024-11-29 17:00:00,NULL
5940,109,Đỗ Hoàng Linh,563361435,dohoanglinh329@gmail.com,1,0,Không có,1,2024-03-14 17:00:00,NULL
5941,275,Dương Thị Phong,871988889,duongthiphong785@yahoo.com,3,0,Không có,1,2024-01-15 17:00:00,NULL
5942,46,Phạm Hoàng Mai,748992699,phamhoangmai899@hotmail.com,2,2,Không có,1,2024-05-29 17:00:00,NULL
5943,339,Phạm Minh Linh,821454127,phamminhlinh30@outlook.com,1,3,Không có,1,2024-03-28 17:00:00,NULL
5944,125,Võ Quốc Cường,332218951,voquoccuong395@hotmail.com,2,0,Không có,1,2024-04-05 17:00:00,NULL
5945,379,Lý Minh Hạnh,452725050,lyminhhanh74@gmail.com,3,0,Không có,1,2024-03-22 17:00:00,NULL
5946,268,Đặng Minh Nga,312327652,dangminhnga697@gmail.com,1,0,Không có,1,2024-05-12 17:00:00,NULL
5947,370,Vũ Hải Bình,919571745,vuhaibinh645@gmail.com,2,0,Không có,1,2024-09-19 17:00:00,NULL
5948,101,Hoàng Đức Cường,860120366,hoangduccuong295@gmail.com,3,1,Không có,1,2024-03-19 17:00:00,NULL
5949,383,Nguyễn Thị Dũng,917615339,nguyenthidung602@gmail.com,3,0,Không có,1,2024-01-01 17:00:00,NULL
5950,27,Đỗ Hữu Phong,606009459,dohuuphong497@hotmail.com,3,2,Không có,1,2024-10-13 17:00:00,NULL
5951,259,Võ Thanh Cường,697478786,vothanhcuong364@yahoo.com,1,2,Không có,1,2024-07-31 17:00:00,NULL
5952,347,Võ Minh Phong,696098177,vominhphong172@vku.udn.vn,2,2,Không có,1,2024-09-22 17:00:00,NULL
5953,96,Lê Thanh Anh,888327795,lethanhanh439@outlook.com,1,0,Không có,1,2024-07-13 17:00:00,NULL
5954,108,Võ Quốc Phong,573785475,voquocphong410@vku.udn.vn,2,2,Không có,1,2024-05-28 17:00:00,NULL
5955,16,Phạm Thị Hùng,979027694,phamthihung344@hotmail.com,2,0,Không có,1,2024-10-18 17:00:00,NULL
5956,288,Phạm Quốc Hương,362959284,phamquochuong169@outlook.com,2,0,Không có,1,2024-02-21 17:00:00,NULL
5957,12,Phạm Thu Mai,518642453,phamthumai566@vku.udn.vn,1,3,Không có,1,2024-04-16 17:00:00,NULL
5958,290,Lê Đức Hùng,533754555,leduchung992@gmail.com,1,0,Không có,1,2024-12-02 17:00:00,NULL
5959,137,Phạm Thu Hùng,746030826,phamthuhung867@outlook.com,1,0,Không có,1,2024-07-05 17:00:00,NULL
5960,303,Hoàng Văn Bình,981057736,hoangvanbinh434@hotmail.com,3,3,Không có,1,2024-11-29 17:00:00,NULL
5961,54,Võ Thu Mai,790168447,vothumai659@yahoo.com,1,3,Không có,1,2024-06-12 17:00:00,NULL
5962,358,Lý Hoàng Nam,596641124,lyhoangnam570@gmail.com,1,0,Không có,1,2024-08-06 17:00:00,NULL
5963,37,Trần Minh Hương,575892247,tranminhhuong29@outlook.com,3,0,Không có,1,2024-08-02 17:00:00,NULL
5964,58,Nguyễn Quốc Phong,722861131,nguyenquocphong884@hotmail.com,3,0,Không có,1,2024-09-26 17:00:00,NULL
5965,120,Trần Thu Linh,828161946,tranthulinh808@hotmail.com,1,0,Không có,1,2024-12-24 17:00:00,NULL
5966,261,Võ Quốc Hùng,987194506,voquochung705@vku.udn.vn,2,0,Không có,1,2024-11-20 17:00:00,NULL
5967,143,Dương Quốc Long,935618891,duongquoclong6@gmail.com,2,1,Không có,1,2024-07-19 17:00:00,NULL
5968,328,Lý Thị Phong,756497252,lythiphong225@yahoo.com,2,2,Không có,1,2024-03-13 17:00:00,NULL
5969,77,Hồ Thu Cường,526937596,hothucuong607@hotmail.com,3,0,Không có,1,2024-05-29 17:00:00,NULL
5970,97,Phan Thu Lan,636680603,phanthulan877@vku.udn.vn,3,0,Không có,1,2024-01-16 17:00:00,NULL
5971,39,Đặng Quốc Long,527312105,dangquoclong719@hotmail.com,1,0,Không có,1,2024-04-19 17:00:00,NULL
5972,298,Lê Thanh Hương,373864104,lethanhhuong901@yahoo.com,3,0,Không có,1,2024-09-13 17:00:00,NULL
5973,360,Đỗ Hải Mai,318514813,dohaimai96@hotmail.com,2,0,Không có,1,2024-09-25 17:00:00,NULL
5974,12,Đỗ Đức Lan,784145411,doduclan927@vku.udn.vn,1,3,Không có,1,2024-07-13 17:00:00,NULL
5975,44,Đặng Thanh Dũng,915884633,dangthanhdung951@gmail.com,1,0,Không có,1,2024-02-14 17:00:00,NULL
5976,61,Dương Hữu Cường,692361048,duonghuucuong177@vku.udn.vn,3,2,Không có,1,2024-04-05 17:00:00,NULL
5977,324,Hoàng Thu Long,979615069,hoangthulong635@hotmail.com,2,0,Không có,1,2024-05-15 17:00:00,NULL
5978,117,Đỗ Hoàng Mai,974721795,dohoangmai126@yahoo.com,2,0,Không có,1,2024-12-14 17:00:00,NULL
5979,252,Phạm Đức Nga,946412689,phamducnga28@vku.udn.vn,2,0,Không có,1,2024-01-20 17:00:00,NULL
5980,399,Ngô Thu Linh,788922557,ngothulinh956@hotmail.com,1,0,Không có,1,2024-04-21 17:00:00,NULL
5981,349,Đỗ Quốc Linh,512954978,doquoclinh78@vku.udn.vn,3,0,Không có,1,2024-07-29 17:00:00,NULL
5982,354,Bùi Thu Phong,819151495,buithuphong477@outlook.com,2,0,Không có,1,2024-02-22 17:00:00,NULL
5983,343,Võ Thanh Lan,707083673,vothanhlan285@outlook.com,2,0,Không có,1,2024-01-11 17:00:00,NULL
5984,114,Ngô Hoàng Nga,604188777,ngohoangnga603@gmail.com,2,2,Không có,1,2024-03-06 17:00:00,NULL
5985,134,Trần Minh Nga,406818098,tranminhnga849@outlook.com,1,1,Không có,1,2024-03-29 17:00:00,NULL
5986,51,Ngô Thị Long,521159172,ngothilong238@hotmail.com,3,3,Không có,1,2024-04-08 17:00:00,NULL
5987,303,Hoàng Văn Bình,981057736,hoangvanbinh434@hotmail.com,2,0,Không có,1,2024-01-04 17:00:00,NULL
5988,304,Phan Hữu Long,581272327,phanhuulong166@outlook.com,2,0,Không có,1,2024-05-11 17:00:00,NULL
5989,17,Vũ Quốc Bình,414713441,vuquocbinh8@vku.udn.vn,3,3,Không có,1,2024-10-23 17:00:00,NULL
5990,280,Hồ Văn Dũng,372370545,hovandung928@gmail.com,1,3,Không có,1,2024-02-13 17:00:00,NULL
5991,274,Nguyễn Đức Hương,909194872,nguyenduchuong970@gmail.com,1,1,Không có,1,2024-08-03 17:00:00,NULL
5992,70,Đặng Thanh Linh,823920926,dangthanhlinh8@gmail.com,1,2,Không có,1,2024-09-13 17:00:00,NULL
5993,272,Lê Thanh Phong,473461957,lethanhphong553@vku.udn.vn,1,0,Không có,1,2024-10-18 17:00:00,NULL
5994,60,Hồ Hải Hạnh,904054703,hohaihanh9@yahoo.com,3,3,Không có,1,2024-03-10 17:00:00,NULL
5995,287,Dương Văn Bình,553810544,duongvanbinh171@outlook.com,2,1,Không có,1,2024-11-23 17:00:00,NULL
5996,375,Hoàng Thị Cường,557553274,hoangthicuong178@vku.udn.vn,1,0,Không có,1,2024-03-19 17:00:00,NULL
5997,73,Phan Quốc Nga,820818152,phanquocnga824@hotmail.com,2,0,Không có,1,2024-02-23 17:00:00,NULL
5998,62,Ngô Hải Lan,973419757,ngohailan750@hotmail.com,3,0,Không có,1,2024-08-20 17:00:00,NULL
5999,43,Hoàng Thanh Bình,885519906,hoangthanhbinh689@gmail.com,2,0,Không có,1,2024-04-07 17:00:00,NULL
